Denumirea comerciala,DCI,Forma,Conc,Firma / Tara detinatoare,Ambalaj,Pres.,ATC
ABFEN 200 mg/5 ml,IBUPROFENUM,SUSP. ORALA,200mg/5ml,ABBOTT SCANDINAVIA AB - SUEDIA,"Cutie cu 1 flac. PET x 30 ml susp. orala + 1 seringa pt. administrare orala de 5 ml cu cilindru din PP si un piston PEID cu gradatie de 0.25 ml pana la 5 ml - 3 ani-dupa ambalarea pt. comercializare;dupa prima deschidere
a flac.-6 luni",OTC,M01AE01
ABFEN 200 mg/5 ml,IBUPROFENUM,SUSP. ORALA,200mg/5ml,ABBOTT SCANDINAVIA AB - SUEDIA,"Cutie cu 1 flac. PET x 100 ml susp. orala + 1 seringa pt. administrare orala de 5 ml cu cilindru din PP si un piston PEID cu gradatie de 0.25 ml pana la 5 ml - 3 ani-dupa ambalarea pt. comercializare;dupa prima deschidere a flac.-6 luni",OTC,M01AE01
ABFEN 200 mg/5 ml,IBUPROFENUM,SUSP. ORALA,200mg/5ml,ABBOTT SCANDINAVIA AB - SUEDIA,"Cutie cu 1 flac. PET x 150 ml susp. orala + 1 seringa pt. administrare orala de 5 ml cu cilindru din PP si un piston PEID cu gradatie de 0.25 ml pana la 5 ml - 3 ani-dupa ambalarea pt. comercializare;dupa prima deschidere
a flac.-6 luni",OTC,M01AE01
ABFEN 200 mg/5 ml,IBUPROFENUM,SUSP. ORALA,200mg/5ml,ABBOTT SCANDINAVIA AB - SUEDIA,"Cutie cu 1 flac. PET x 200 ml susp. orala + 1 seringa pt. administrare orala de 5 ml cu cilindru din PP si un piston PEID cu gradatie de 0.25 ml pana la 5 ml - 3 ani-dupa ambalarea pt. comercializare;dupa prima deschidere
a flac.-6 luni",OTC,M01AE01
ACATALERIC 10 mg,LORATADINUM,COMPR.,10mg,COSMEDICA SP.Z.O.O. - POLONIA,"Cutie cu 1 blist. din folie din Al si film transparent din PVC-PVDC x 7 compr.
- 3 ani",OTC,R06AX13
ACC 100 mg,ACETYLCYSTEINUM,COMPR. EFF.,100mg,SANDOZ S.R.L. - ROMANIA,"Cutie cu tuburi din PP cu dop din PE x
20 compr. eff. - 2 ani",OTC,R05CB01
ACC 100 mg,ACETYLCYSTEINUM,COMPR. EFF.,100mg,SANDOZ S.R.L. - ROMANIA,"Cutie cu plicuri sigilate din folie triplu strat (PE-Al-hartie) x 20 compr. eff. - 3
ani",OTC,R05CB01
ACC 100 mg,ACETYLCYSTEINUM,COMPR. EFF.,100mg,SANDOZ S.R.L. - ROMANIA,"Cutie cu plicuri sigilate din folie triplu strat (PE-Al-hartie) x 40 compr. eff. - 3
ani",OTC,R05CB01
ACC 100 mg,ACETYLCYSTEINUM,COMPR. EFF.,100mg,SANDOZ S.R.L. - ROMANIA,"Cutie cu plicuri sigilate din folie triplu strat (PE-Al-hartie) x 50 compr. eff. - 3
ani",OTC,R05CB01
ACC 100 mg,ACETYLCYSTEINUM,COMPR. EFF.,100mg,SANDOZ S.R.L. - ROMANIA,"Cutie cu plicuri sigilate din folie triplu strat (PE-Al-hartie) x 80 compr. eff. - 3
ani",OTC,R05CB01
ACC 100 mg,ACETYLCYSTEINUM,COMPR. EFF.,100mg,SANDOZ S.R.L. - ROMANIA,"Cutie cu plicuri sigilate din folie triplu strat (PE-Al-hartie) x 100 compr. eff. -
3 ani",OTC,R05CB01
ACC 200  PULBERE PENTRU SOLUTIE ORALA,ACETYLCYSTEINUM,PULB. PT. SOL. ORALA,200mg,HEXAL AG - GERMANIA,"Cutie x 20 plicuri unidoza PE-Al-hartie
continand 3 g pulb. pt. sol. orala - 4 ani",OTC,R05CB01
ACC 200 mg,ACETYLCYSTEINUM,COMPR. EFF.,,SANDOZ S.R.L. - ROMANIA,"Cutie cu tuburi din PP cu dop din PE x
20 compr. eff. - 2 ani",OTC,R05CB01
ACC 200 mg,ACETYLCYSTEINUM,COMPR. EFF.,,SANDOZ S.R.L. - ROMANIA,"Cutie cu plicuri sigilate din folie triplu
strat (PE-Al-hartie) x 20 compr. eff. - 3 ani",OTC,R05CB01
ACC 200 mg,ACETYLCYSTEINUM,COMPR. EFF.,,SANDOZ S.R.L. - ROMANIA,"Cutie cu plicuri sigilate din folie triplu strat (PE-Al-hartie) x 40 compr. eff. - 3
ani",OTC,R05CB01
ACC 200 mg,ACETYLCYSTEINUM,COMPR. EFF.,,SANDOZ S.R.L. - ROMANIA,"Cutie cu plicuri sigilate din folie triplu strat (PE-Al-hartie) x 50 compr. eff. - 3
ani",OTC,R05CB01
ACC 200 mg,ACETYLCYSTEINUM,COMPR. EFF.,,SANDOZ S.R.L. - ROMANIA,"Cutie cu plicuri sigilate din folie triplu strat (PE-Al-hartie) x 80 compr. eff. - 3
ani",OTC,R05CB01
ACC 200 mg,ACETYLCYSTEINUM,COMPR. EFF.,,SANDOZ S.R.L. - ROMANIA,"Cutie cu plicuri sigilate din folie triplu strat (PE-Al-hartie) x 100 compr. eff. -
3 ani",OTC,R05CB01
ACC 200 mg CAPSULE,ACETYLCYSTEINUM,CAPS.,,HEXAL AG - GERMANIA,"Cutie x 2 blist. Al/PVC x 10 caps. - 3
ani",OTC,R05CB01
ACC 200 mg COMPRIMATE EVERVESCENTE,ACETYLCYSTEINUM,COMPR. EFF.,,HEXAL AG - GERMANIA,"Cutie x 1 tub  din Al x 20 compr. eff. -
3 ani",OTC,R05CB01
ACC 200 mg COMPRIMATE EVERVESCENTE,ACETYLCYSTEINUM,COMPR. EFF.,,HEXAL AG - GERMANIA,Cutie x 1 tub din Al x 25 compr. eff. - 3,OTC,R05CB01
ACC 200 mg COMPRIMATE EVERVESCENTE,ACETYLCYSTEINUM,COMPR. EFF.,,HEXAL AG - GERMANIA,ani,,
ACC 600 mg,ACETYLCYSTEINUM,COMPR. EFF.,600mg,SANDOZ S.R.L. - ROMANIA,"Cutie cu tuburi din PP cu dop din PE x 20 compr. eff. - 3 ani; dupa prima
deschidere a tubului-2 ani",OTC,R05CB01
ACC 600 mg,ACETYLCYSTEINUM,COMPR. EFF.,600mg,SANDOZ S.R.L. - ROMANIA,"Cutie cu tuburi din PP cu dop din PE x 30 compr. eff. - 3 ani; dupa prima
deschidere a tubului-2 ani",OTC,R05CB01
ACC 600 mg,ACETYLCYSTEINUM,COMPR. EFF.,600mg,SANDOZ S.R.L. - ROMANIA,"Cutie cu tuburi din PP cu dop din PE x 60 compr. eff. - 3 ani; dupa prima
deschidere a tubului-2 ani",OTC,R05CB01
ACC 600 mg,ACETYLCYSTEINUM,COMPR. EFF.,600mg,SANDOZ S.R.L. - ROMANIA,"Cutie cu plicuri sigilate din folie triplu strat (PE-Al-hartie) x 10 compr. eff. - 3
ani",OTC,R05CB01
ACC 600 mg,ACETYLCYSTEINUM,COMPR. EFF.,600mg,SANDOZ S.R.L. - ROMANIA,"Cutie cu plicuri sigilate din folie triplu
strat (PE-Al-hartie) x 20 compr. eff. - 3 ani",OTC,R05CB01
ACC 600 mg,ACETYLCYSTEINUM,COMPR. EFF.,600mg,SANDOZ S.R.L. - ROMANIA,"Cutie cu plicuri sigilate din folie triplu
strat (PE-Al-hartie) x 30 compr. eff. - 3 ani",OTC,R05CB01
ACC 600 mg,ACETYLCYSTEINUM,COMPR. EFF.,600mg,SANDOZ S.R.L. - ROMANIA,"Cutie cu plicuri sigilate din folie triplu
strat (PE-Al-hartie) x 50 compr. eff. - 3 ani",OTC,R05CB01
ACC 600 mg,ACETYLCYSTEINUM,COMPR. EFF.,600mg,SANDOZ S.R.L. - ROMANIA,"Cutie cu plicuri sigilate din folie triplu strat (PE-Al-hartie) x 60 compr. eff. - 3
ani",OTC,R05CB01
ACC JUNIOR 100 mg,ACETYLCYSTEINUM,"PULB. PT. SOL.
ORALA",100mg,HEXAL AG - GERMANIA,"Cutie x 20 plicuri unidoza PE-Al-hartie
x 3 g pulb. pt. sol. orala - 4 ani",OTC,R05CB01
ACC JUNIOR 20 mg/ml,ACETYLCYSTEINUM,SIROP,20mg/ml,HEXAL AG - GERMANIA,"Cutie cu un flac. din sticla bruna cu capacitatea de 110 ml închis cu un capac din PP. prevazut cu sistem de siguranta din PPJD a 100 ml sirop. o seringa din PP a 5 ml si o lingurita dozatoare din PP cu gradatii de 2.5  ml. 5 ml si 10 ml - 2 ani-dupa ambalarea pentru comercializare;dupa
prima deschidere a flac.-15 zile",OTC,R05CB01
ACC JUNIOR 20 mg/ml,ACETYLCYSTEINUM,SIROP,20mg/ml,HEXAL AG - GERMANIA,"Cutie cu un flac. din sticla bruna cu capacitatea de 230 ml închis cu un
capac de PP. prevazut cu sistem de",OTC,R05CB01
ACC JUNIOR 20 mg/ml,ACETYLCYSTEINUM,SIROP,20mg/ml,HEXAL AG - GERMANIA,"siguranta din PPJD a 200 ml sirop. o seringa din PP a 5 ml si lingurita dozatoare din PP cu gradatii de 2.5  ml. 5 ml si 10 ml - 2 ani-dupa ambalarea pentru comercializare;dupa
prima deschidere a flac.-15 zile",,
ACC JUNIOR 20mg/ml,ACETYLCYSTEINUM,GRAN. PT. SOL. ORALA,,HEXAL AG - GERMANIA,"Cutie x 1 flac. x 30 g granule pt. 75 ml sol. orala + 1 lingurita dozatoare a 5
ml - 3 ani",OTC,R05CB01
ACC JUNIOR 20mg/ml,ACETYLCYSTEINUM,GRAN. PT. SOL. ORALA,,HEXAL AG - GERMANIA,"Cutie x 1 flac. x 60 g granule pt. 150 ml sol. orala + 1 lingurita dozatoare a
5 ml - 3 ani",OTC,R05CB01
ACESIL T,ACIDUM ACETYLSALICYLICUM,COMPR.,500mg,FARMACOM SA - ROMANIA,"Cutie x 2 blist. Al/PVC x 10 compr. - 2
ani",OTC,N02BA01
ACETILCISTEINA,ACETYLCYSTEINUM,CAPS.,200mg,LAROPHARM S.R.L. - ROMANIA,"Cutie x 2 blist. Al/PVC x 10 caps. - 3
ani",OTC,R05CB01
"ACETILCISTEINA DORNAFARM
100 mg",ACETYLCYSTEINUM,"PULB. PT. SOL.
ORALA",100mg,DORNA FARM SA - ROMANIA,"Cutie x 30 plicuri unidoza din hartie
cu PE/Al pulb. pt. sol. orala - 2 ani",OTC,R05CB01
"ACETILCISTEINA DORNAFARM
200 mg",ACETYLCYSTEINUM,"PULB. PT. SOL.
ORALA",200mg,DORNA FARM SA - ROMANIA,"Cutie x 30 plicuri unidoza din hartie cu
PE/Al pulb. pt. sol. orala - 2 ani",OTC,R05CB01
"ACETILCISTEINA LABORMED 200
mg",ACETYLCYSTEINUM,CAPS.,,LABORMED PHARMA SA - ROMANIA,"Cutie x 2 blist. Al/PVC x 10 caps. - 2
ani",OTC,R05CB01
"ACETILCISTEINA LABORMED 200
mg",ACETYLCYSTEINUM,CAPS.,,LABORMED PHARMA SA - ROMANIA,"Cutie x 100 blist. Al/PVC x 10 caps. -
2 ani",OTC/S,R05CB01
ACICLOVIR 5%,ACICLOVIRUM,CREMA,5%,"EGIS PHARMACEUTICALS PLC -
UNGARIA",Cutie x 1 tub x 2 g crema - 5 ani,OTC,D06BB03
"ACID ACETILSALICILIC - RICHTER
100 mg",ACIDUM ACETYLSALICYLICUM,COMPR.,100mg,"GEDEON RICHTER ROMANIA S.A.
- ROMANIA",Cutie x 3 folii x 10 compr. - 2 ani,OTC,B01AC06
"ACID ACETILSALICILIC - RICHTER
500 mg",ACIDUM ACETYLSALICYLICUM,COMPR.,500mg,"GEDEON RICHTER ROMANIA S.A.
- ROMANIA","Cutie x 5 folii termosudate din
hartie/PE x 6 compr. - 2 ani",OTC,N02BA01
ACID ACETILSALICILIC 500 mg,ACIDUM ACETYLSALICYLICUM,COMPR.,,SANOSAN S.R.L. - ROMANIA,"Cutie x 2 blist. PVC/Al x 10 compr. - 2
ani",OTC,N02BA01
ACID ACETILSALICILIC 500 mg,ACIDUM ACETYLSALICYLICUM,COMPR.,,MAGISTRA C & C SRL - ROMANIA,"Cutie x 2 blist. Al/PVC x  10 compr. - 2
ani",OTC,N02BA01
ACID ACETILSALICILIC 500 mg,ACIDUM ACETYLSALICYLICUM,COMPR.,,SANOSAN S.R.L. - ROMANIA,"Cutie x 60 blist. PVC/Al  x 10 compr. -
2 ani",OTC,N02BA01
"ACID ACETILSALICILIC BIOFARM
500mg",ACIDUM ACETYLSALICYLICUM,COMPR.,,BIOFARM S.A. - ROMANIA,"Cutie x 2 blist. PVC/Al x 10 compr. - 2
ani",OTC,N02BA01
"ACID ACETILSALICILIC
LABORMED 500 mg",ACIDUM ACETYLSALICYLICUM,COMPR.,,"LABORMED PHARMA SA -
ROMANIA","Cutie cu 2 blist. PVC-PVDC/Al x 10
compr. - 2 ani",OTC,N02BA01
Denumirea comerciala,DCI,Forma,Conc,Firma / Tara detinatoare,Ambalaj,Pres.,ATC
"ACID ACETILSALICILIC MCC
TAMPONAT",ACIDUM ACETYLSALICYLICUM,COMPR.,,MAGISTRA C&C S.R.L. - ROMANIA,"Cutie x 2 blist. Al/PVC x 10 compr. - 1
an",OTC,N02BA01
ACID ACETILSALICILIC T,ACIDUM ACETYLSALICYLICUM,COMPR.,,SANTA SA - ROMANIA,"Cutie x 2 blist. PVC/Al x 10 compr. - 2
ani",OTC,N02BA01
ACID ACETILSALICILIC T,ACIDUM ACETYLSALICYLICUM,COMPR.,,SANTA SA - ROMANIA,"Cutie x 60 blist. PVC/Al x 10 compr. -
2 ani",OTC,N02BA01
"ACID ACETILSALICILIC T
BIOFARM 500 mg",ACIDUM ACETYLSALICYLICUM,COMPR.,,BIOFARM S.A. - ROMANIA,"Cutie x 2 blist. Al/PVC x 10 compr. - 2
ani",OTC,N02BA01
ACID ACETILSALICILIC TAMPONAT SOLACIUM 500 mg,ACIDUM ACETYLSALICYLICUM,COMPR.,,SOLACIUM PHARMA S.R.L. - ROMANIA,"Cutie cu 2 blist. PVC/Al x 8 compr. - 1
an",OTC,N02BA01
ACID ACETILSALICILIC TAMPONAT SOLACIUM 500 mg,ACIDUM ACETYLSALICYLICUM,COMPR.,,SOLACIUM PHARMA S.R.L. - ROMANIA,"Cutie cu 3 blist. PVC/Al x 8 compr. - 1
an",OTC,N02BA01
"ACID ACETILSALICILIC ZENTIVA
500 mg",ACIDUM ACETYLSALICYLICUM,COMPR.,500 mg,ZENTIVA S.A. - ROMANIA,"Cutie cu 2 blist. PVC/Al x 10 compr. -
3 ani",OTC,N02BA01
"ACID ACETILSALICILIC ZENTIVA
500 mg",ACIDUM ACETYLSALICYLICUM,COMPR.,500 mg,ZENTIVA S.A. - ROMANIA,"Cutie cu 2 blist. Al/PVC/ACLAR 3000
x 10 compr. - 3 ani",OTC,N02BA01
ACID ACETILSALICILIC/PSEUDOEFEDR INA SANDOZ 500 mg/30 mg,COMBINATII(ACIDUM ACETYLSALICYLICUM+PSEUDO EFEDRINA,GRANULE PT. SUSP. ORALA IN PLIC UNIDOZA,500mg/30mg,SANDOZ S.R.L. - ROMANIA,"Cutie cu 5 plicuri unidoza din
hartie/PE/Al/PE cu granule pt. susp. orala - 15 luni",OTC,N02BA51
ACID ACETILSALICILIC/PSEUDOEFEDR INA SANDOZ 500 mg/30 mg,COMBINATII(ACIDUM ACETYLSALICYLICUM+PSEUDO EFEDRINA,GRANULE PT. SUSP. ORALA IN PLIC UNIDOZA,500mg/30mg,SANDOZ S.R.L. - ROMANIA,"Cutie cu 7 plicuri unidoza din
hartie/PE/Al/PE cu granule pt. susp. orala - 15 luni",OTC,N02BA51
ACID ACETILSALICILIC/PSEUDOEFEDR INA SANDOZ 500 mg/30 mg,COMBINATII(ACIDUM ACETYLSALICYLICUM+PSEUDO EFEDRINA,GRANULE PT. SUSP. ORALA IN PLIC UNIDOZA,500mg/30mg,SANDOZ S.R.L. - ROMANIA,"Cutie cu 10 plicuri unidoza din hartie/PE/Al/PE cu granule pt. susp.
orala - 15 luni",OTC,N02BA51
ACID ACETILSALICILIC/PSEUDOEFEDR INA SANDOZ 500 mg/30 mg,COMBINATII(ACIDUM ACETYLSALICYLICUM+PSEUDO EFEDRINA,GRANULE PT. SUSP. ORALA IN PLIC UNIDOZA,500mg/30mg,SANDOZ S.R.L. - ROMANIA,"Cutie cu 12 plicuri unidoza din hartie/PE/Al/PE cu granule pt. susp.
orala - 15 luni",OTC,N02BA51
ACID ACETILSALICILIC/PSEUDOEFEDR INA SANDOZ 500 mg/30 mg,COMBINATII(ACIDUM ACETYLSALICYLICUM+PSEUDO EFEDRINA,GRANULE PT. SUSP. ORALA IN PLIC UNIDOZA,500mg/30mg,SANDOZ S.R.L. - ROMANIA,"Cutie cu 18 plicuri unidoza din hartie/PE/Al/PE cu granule pt. susp.
orala - 15 luni",OTC,N02BA51
ACID ACETILSALICILIC/PSEUDOEFEDR INA SANDOZ 500 mg/30 mg,COMBINATII(ACIDUM ACETYLSALICYLICUM+PSEUDO EFEDRINA,GRANULE PT. SUSP. ORALA IN PLIC UNIDOZA,500mg/30mg,SANDOZ S.R.L. - ROMANIA,"Cutie cu 20 plicuri unidoza din hartie/PE/Al/PE cu granule pt. susp.
orala - 15 luni",OTC,N02BA51
ACID ACETILSALICILIC/PSEUDOEFEDR INA SANDOZ 500 mg/30 mg,COMBINATII(ACIDUM ACETYLSALICYLICUM+PSEUDO EFEDRINA,GRANULE PT. SUSP. ORALA IN PLIC UNIDOZA,500mg/30mg,SANDOZ S.R.L. - ROMANIA,"Cutie cu 28 plicuri unidoza din hartie/PE/Al/PE cu granule pt. susp.
orala - 15 luni",OTC,N02BA51
ACID ACETILSALICILIC/PSEUDOEFEDR INA SANDOZ 500 mg/30 mg,COMBINATII(ACIDUM ACETYLSALICYLICUM+PSEUDO EFEDRINA,GRANULE PT. SUSP. ORALA IN PLIC UNIDOZA,500mg/30mg,SANDOZ S.R.L. - ROMANIA,"Cutie cu 30 plicuri unidoza din hartie/PE/Al/PE cu granule pt. susp.
orala - 15 luni",OTC,N02BA51
Denumirea comerciala,DCI,Forma,Conc,Firma / Tara detinatoare,Ambalaj,Pres.,ATC
ADAGIN 200 mg,IBUPROFENUM,COMPR. FILM.,200mg,ACTAVIS GROUP PTC EHF - ISLANDA,"Cutie cu blist. PVC opac/Al x 6 compr.
film. - 3 ani",OTC,M01AE01
ADAGIN 200 mg,IBUPROFENUM,COMPR. FILM.,200mg,ACTAVIS GROUP PTC EHF - ISLANDA,"Cutie cu blist. PVC opac/Al x 10
compr. film. - 3 ani",OTC,M01AE01
ADAGIN 200 mg,IBUPROFENUM,COMPR. FILM.,200mg,ACTAVIS GROUP PTC EHF - ISLANDA,"Cutie cu blist. PVC opac/Al x 12
compr. film. - 3 ani",OTC,M01AE01
ADAGIN 200 mg,IBUPROFENUM,COMPR. FILM.,200mg,ACTAVIS GROUP PTC EHF - ISLANDA,"Cutie cu blist. PVC opac/Al x 20
compr. film. - 3 ani",OTC,M01AE01
ADAGIN 200 mg,IBUPROFENUM,COMPR. FILM.,200mg,ACTAVIS GROUP PTC EHF - ISLANDA,"Cutie cu blist. PVC opac/Al x 24
compr. film. - 3 ani",OTC,M01AE01
ADAGIN 200 mg,IBUPROFENUM,COMPR. FILM.,200mg,ACTAVIS GROUP PTC EHF - ISLANDA,"Cutie cu blist. PVC transparent/Al x 6
compr. film. - 3 ani",OTC,M01AE01
ADAGIN 200 mg,IBUPROFENUM,COMPR. FILM.,200mg,ACTAVIS GROUP PTC EHF - ISLANDA,"Cutie cu blist. PVC transparent/Al x 10
compr. film. - 3 ani",OTC,M01AE01
ADAGIN 200 mg,IBUPROFENUM,COMPR. FILM.,200mg,ACTAVIS GROUP PTC EHF - ISLANDA,"Cutie cu blist. PVC transparent/Al x 12
compr. film. - 3 ani",OTC,M01AE01
ADAGIN 200 mg,IBUPROFENUM,COMPR. FILM.,200mg,ACTAVIS GROUP PTC EHF - ISLANDA,"Cutie cu blist. PVC transparent/Al x 20
compr. film. - 3 ani",OTC,M01AE01
ADAGIN 200 mg,IBUPROFENUM,COMPR. FILM.,200mg,ACTAVIS GROUP PTC EHF - ISLANDA,"Cutie cu blist. PVC transparent/Al x 24
compr. film. - 3 ani",OTC,M01AE01
ADAGIN 200 mg,IBUPROFENUM,COMPR. FILM.,200mg,ACTAVIS GROUP PTC EHF - ISLANDA,"Cutie x 1 flac. PE x 10 compr. film. - 3
ani",OTC,M01AE01
ADAGIN 200 mg,IBUPROFENUM,COMPR. FILM.,200mg,ACTAVIS GROUP PTC EHF - ISLANDA,"Cutie x 1 flac. PE x 20 compr. film. - 3
ani",OTC,M01AE01
ADAGIN 400 mg,IBUPROFENUM,COMPR. FILM.,400mg,ACTAVIS GROUP PTC EHF - ISLANDA,"Cutie cu blist. PVC opac/Al x 6 compr.
film. - 3 ani",OTC,M01AE01
ADAGIN 400 mg,IBUPROFENUM,COMPR. FILM.,400mg,ACTAVIS GROUP PTC EHF - ISLANDA,"Cutie cu blist. PVC opac/Al x 10
compr. film. - 3 ani",OTC,M01AE01
ADAGIN 400 mg,IBUPROFENUM,COMPR. FILM.,400mg,ACTAVIS GROUP PTC EHF - ISLANDA,"Cutie cu blist. PVC opac/Al x 12
compr. film. - 3 ani",OTC,M01AE01
ADAGIN 400 mg,IBUPROFENUM,COMPR. FILM.,400mg,ACTAVIS GROUP PTC EHF - ISLANDA,"Cutie cu blist. PVC transparent/Al x 6
compr. film. - 3 ani",OTC,M01AE01
ADAGIN 400 mg,IBUPROFENUM,COMPR. FILM.,400mg,ACTAVIS GROUP PTC EHF - ISLANDA,"Cutie cu blist. PVC transparent/Al x 10
compr. film. - 3 ani",OTC,M01AE01
ADAGIN 400 mg,IBUPROFENUM,COMPR. FILM.,400mg,ACTAVIS GROUP PTC EHF - ISLANDA,"Cutie cu blist. PVC transparent/Al x 12
compr. film. - 3 ani",OTC,M01AE01
ADAGIN 400 mg,IBUPROFENUM,COMPR. FILM.,400mg,ACTAVIS GROUP PTC EHF - ISLANDA,"Cutie x 1 flac. PE x 10 compr. film. - 3
ani",OTC,M01AE01
ADDITIVA VITAMIN C,ACIDUM ASCORBICUM,COMPR. EFF.,1000mg,"DR.B.SCHEFELER GMBH & CO
KG - GERMANIA","Cutie x 1 flac. din PP x 10 compr.
efervescente - 3 ani",OTC,A11GA01
Denumirea comerciala,DCI,Forma,Conc,Firma / Tara detinatoare,Ambalaj,Pres.,ATC
Denumirea comerciala,DCI,Forma,Conc,Firma / Tara detinatoare,"Cutie x 1 flac. din PP x 20 compr.
efervescente - 3 ani",OTC,A11GA01
Denumirea comerciala,DCI,Forma,Conc,Firma / Tara detinatoare,"Cutie x 3 flac. din PP x 10 compr.
efervescente - 3 ani",OTC,A11GA01
ADVIL,IBUPROFENUM,DRAJ.,200mg,PFIZER CORPORATION AUSTRIA GMBH - AUSTRIA,"Cutie x 1 blist.  Al/PVC x 10 draj. - 3
ani",OTC,M01AE01
ADVIL,IBUPROFENUM,DRAJ.,200mg,PFIZER CORPORATION AUSTRIA GMBH - AUSTRIA,"Cutie x 2 blist.  Al/PVC x 10 draj. - 3
ani",OTC,M01AE01
ADVIL,IBUPROFENUM,DRAJ.,200mg,PFIZER CORPORATION AUSTRIA GMBH - AUSTRIA,"Cutie x 3 blist. Al/PVC x 10 draj. - 3
ani",OTC,M01AE01
ADVIL,IBUPROFENUM,DRAJ.,200mg,PFIZER CORPORATION AUSTRIA GMBH - AUSTRIA,"Cutie x 5 blist. Al/PVC x 10 draj. - 3
ani",OTC,M01AE01
ADVIL,IBUPROFENUM,DRAJ.,200mg,PFIZER CORPORATION AUSTRIA GMBH - AUSTRIA,"Cutie x 10 blist. Al/PVC x 10 draj. - 3
ani",OTC,M01AE01
ADVIL ULTRA,IBUPROFENUM,CAPS. MOI,,PFIZER CORPORATION AUSTRIA GMBH - AUSTRIA,"Cutie x 1 blist. PVDC-PE-PVC/Al x 2
caps. moi - 3 ani",OTC,M01AE01
ADVIL ULTRA,IBUPROFENUM,CAPS. MOI,,PFIZER CORPORATION AUSTRIA GMBH - AUSTRIA,"Cutie x 1 blist. PVDC-PE-PVC/Al x 10
caps. moi - 3 ani",OTC,M01AE01
ADVIL ULTRA,IBUPROFENUM,CAPS. MOI,,PFIZER CORPORATION AUSTRIA GMBH - AUSTRIA,"Cutie x 1 blist. PVDC-PVC/Al-hartie x
2 caps. moi - 3 ani",OTC,M01AE01
ADVIL ULTRA,IBUPROFENUM,CAPS. MOI,,PFIZER CORPORATION AUSTRIA GMBH - AUSTRIA,"Cutie x 1 blist. PVDC-PVC/Al-hartie x
10 caps. moi - 3 ani",OTC,M01AE01
AFLUBIN,HOMEOPATE,COMPR. SUBLING.,,RICHARD BITTNER AG - AUSTRIA,"Cutie cu 1 blist. PVC-PVDC/Al x 12
compr. subling. - 3 ani",OTC,R05X
AFLUBIN,HOMEOPATE,COMPR. SUBLING.,,RICHARD BITTNER AG - AUSTRIA,"Cutie cu 2 blist. PVC-PVDC/Al x 12
compr. subling. - 3 ani",OTC,R05X
AFLUBIN,HOMEOPATE,COMPR. SUBLING.,,RICHARD BITTNER AG - AUSTRIA,"Cutie cu 3 blist. PVC-PVDC/Al x 12
compr. subling. - 3 ani",OTC,R05X
AFLUBIN,HOMEOPATE,COMPR. SUBLING.,,RICHARD BITTNER AG - AUSTRIA,"Cutie cu 4 blist. PVC-PVDC/Al x 12
compr. subling. - 3 ani",OTC,R05X
AFLUBIN,HOMEOPATE,PIC. ORALE. SOL.,,RICHARD BITTNER AG - AUSTRIA,"Cutie cu 1 flac. din sticla bruna x 20 ml pic. orale. sol. - 5 ani dupa ambalarea pt. comercializare; 6 luni dupa prima
deschidere",OTC,R05XH52
AFLUBIN,HOMEOPATE,PIC. ORALE. SOL.,,RICHARD BITTNER AG - AUSTRIA,"Cutie cu 1 flac. din sticla bruna x 50 ml pic. orale. sol. - 5 ani dupa ambalarea pt. comercializare; 6 luni dupa prima
deschidere",OTC,R05XH52
AFRIN 0.5 mg/ml,OXYMETAZOLINUM,SPRAY NAZ..SOL.,0.5mg/ml,"MERCK SHARP & DOHME
ROMANIA S.R.L. - ROMANIA","Cutie cu 1 flac. PEID inchis cu un
pulverizator din PP x 15 ml spray naz..",OTC,R01AA05
Denumirea comerciala,DCI,Forma,Conc,Firma / Tara detinatoare,Ambalaj,Pres.,ATC
Denumirea comerciala,DCI,Forma,Conc,Firma / Tara detinatoare,"sol. - 2 ani-dupa ambalarea pt. comercializare;dupa prima deschidere
a flac.-30 zile",,
AFRIN LEMON 0.5 mg/ml,OXYMETAZOLINUM,SPRAY NAZ..SOL.,,MERCK SHARP & DOHME ROMANIA S.R.L. - ROMANIA,"Cutie cu 1 flac. PEID inchis cu un pulverizator din PP x 15 ml spray naz.. sol. - 2 ani-dupa ambalarea pt. comercializare;dupa prima deschidere
a flac.-30 zile",OTC,R01AA05
AFRIN MENTOL 0.5 mg/ml,OXYMETAZOLINUM,SPRAY NAZ..SOL.,,MERCK SHARP & DOHME ROMANIA S.R.L. - ROMANIA,"Cutie cu 1 flac. PEID inchis cu un pulverizator din PP x 15 ml spray naz.. sol. - 2 ani-dupa ambalarea pt. comercializare;dupa prima deschidere
a flac.-30 zile",OTC,R01AA05
AFRIN MUSETEL 0.5 mg/ml,OXYMETAZOLINUM,SPRAY NAZ..SOL.,,MERCK SHARP & DOHME ROMANIA S.R.L. - ROMANIA,"Cutie cu 1 flac. PEID inchis cu un pulverizator din PP x 15 ml spray naz.. sol. - 2 ani-dupa ambalarea pt. comercializare;dupa prima deschidere
a flac.-30 zile",OTC,R01AA05
AGIOLAX®,COMBINATII,GRANULE,,MADAUS GMBH - GERMANIA,"Ciutie x 100 g granule + 1 masura
dozatoare - 3 ani",OTC,A06AB56
ALERID 10 mg,CETIRIZINUM,COMPR. FILM.,10mg,TERAPIA SA - ROMANIA,"Cutie x 1 blist. PVC/Al x 10 compr.
film. - 3 ani",OTC,R06AE07
ALETIYONE 1500 micrograme,LEVONORGESTRELUM,COMPR.,"1500microgram
e","LABORATORIOS LEON FARMA.
S.A. - SPANIA","Cutie cu 1 blist. PVC-PVDC/Al cu un
compr. - 3 ani",OTC,G03AD01
ALFLUTOP®,COMBINATII,GEL,,BIOTEHNOS SA - ROMANIA,Cutie x 1 tub din Al x 65 g gel - 2 ani,OTC,M02AX10
ALFLUTOP®,COMBINATII,GEL,,BIOTEHNOS SA - ROMANIA,Cutie x 1 tub din Al x 30 g gel - 2 ani,OTC,M02AX10
ALGOPIRIN,COMBINATII,COMPR. FILM.,,MEDICIENT S.R.L. - ROMANIA,"Cutie cu 1 blist. PVC/Al x 10 compr.
film. - 2 ani",OTC,N02BA51
ALGOPIRIN,COMBINATII,COMPR. FILM.,,MEDICIENT S.R.L. - ROMANIA,"Cutie cu 2 blist. PVC/Al x 10 compr.
film. - 2 ani",OTC,N02BA51
ALGOPIRIN,COMBINATII,COMPR. FILM.,,MEDICIENT S.R.L. - ROMANIA,"Cutie cu 200 blist. PVC/Al x 10 compr.
film. - 2 ani",OTC,N02BA51
ALKA - SELTZER,ACIDUM ACETYLSALICYLICUM,COMPR. EFF.,324mg,BAYER S.R.L. - ROMANIA,"Cutie x 5 plicuri multistratificate din hartie/PE/Al/surlin x 2 compr. eff. - 3
ani",OTC,N02BA01
ALLE 10mg+500UI,COMBINATII,GEL,10mg+500UI,FITERMAN PHARMA S.R.L. - ROMANIA,Cutie x 1 tub din Al x 25 g gel - 3 ani,OTC,C05BA53
ALLE 10mg+500UI,COMBINATII,GEL,10mg+500UI,FITERMAN PHARMA S.R.L. - ROMANIA,Cutie x 1 tub din Al x 45 g gel - 3 ani,OTC,C05BA53
ALLE 10mg+500UI,COMBINATII,GEL,10mg+500UI,FITERMAN PHARMA S.R.L. - ROMANIA,Cutie x 1 tub din Al x 100 g gel - 3 ani,OTC,C05BA53
ALLI 60mg,ORLISTATUM,CAPS.,60mg,GLAXO GROUP LTD. - MAREA,Cutie x 1 flac. PEID x 42 caps. - 2 ani,OTC,A08AB01
Denumirea comerciala,DCI,Forma,Conc,Firma / Tara detinatoare,Ambalaj,Pres.,ATC
Denumirea comerciala,DCI,Forma,Conc,Firma / Tara detinatoare,,,
Denumirea comerciala,DCI,Forma,Conc,Firma / Tara detinatoare,Cutie x 1 flac. PEID x 60 caps. - 2 ani,OTC,A08AB01
Denumirea comerciala,DCI,Forma,Conc,Firma / Tara detinatoare,Cutie x 1 flac. PEID x 84 caps. - 2 ani,OTC,A08AB01
Denumirea comerciala,DCI,Forma,Conc,Firma / Tara detinatoare,Cutie x 1 flac. PEID x 90 caps. - 2 ani,OTC,A08AB01
ALMAGEL® A,COMBINATII,SUSP. ORALA,,BALKAN PHARMA TROYAN AD - BULGARIA,"Cutie x 1 flacon x 170 ml + lingurita
dozatoare - 2 ani",OTC,A02AD01
ALMAGEL® A,COMBINATII,SUSP. ORALA,,BALKAN PHARMA TROYAN AD - BULGARIA,"Cutie x 1 flacon x 200 ml + lingurita
dozatoare - 2 ani",OTC,A02AD01
ALMIDONA 750 micrograme,LEVONORGESTRELUM,COMPR.,750micrograme,"ACTAVIS GROUP PTC EHF. -
ISLANDA","Cutie cu blist. PVC-PVDC/Al x 2
compr. - 3 ani",OTC,G03AD01
ALOPEXY 2%,MINOXIDILUM,SOL. CUT.,2%,"PIERRE FABRE DERMATOLOGIE
- FRANTA","Cutie x 1 flac. sticla bruna x 15ml sol.
cut.  cu 1 pipeta PS/PE - 3 ani",OTC,D11AX01
ALOPEXY 2%,MINOXIDILUM,SOL. CUT.,2%,"PIERRE FABRE DERMATOLOGIE
- FRANTA","Cutie x 1 flac. sticla bruna x 60ml sol.
cut.  cu 1 pipeta PS/PE - 3 ani",OTC,D11AX01
ALOPEXY 2%,MINOXIDILUM,SOL. CUT.,2%,"PIERRE FABRE DERMATOLOGIE
- FRANTA","Cutie x 3 flac. sticla bruna x 60ml sol.
cut.  cu 1 pipeta PS/PE - 3 ani",OTC,D11AX01
ALORA 694.444 mg/5 ml,PLANTE (PASSIFLORA),SIROP,694.444mg/5ml,"NOBEL ILAC MED S.R.L. -
ROMANIA","Cutie cu 1 flac. din sticla bruna x 100
ml sirop + 1 lingurita dozatoare - 3 ani",OTC,N05CMN1
ALUPIRIN 75 mg,ACIDUM ACETYLSALICYLICUM,"COMPR.
GASTROREZISTE NTE",75mg,LABORMED PHARMA SA - ROMANIA,Cutie cu 2 blist. PVC/PVDC/Al x 15 compr. gastrorezistente - 2 ani,OTC,B01AC06
AMBROSPRAY,AMBROXOLUM,SPRAY. SOL. ORALA,50mg/g,CYATHUS EXQUIRERE PHARMAFORSCHUNGS GMBH - AUSTRIA,"Cutie x 1 flacon din sticla bruna x 25 ml spray. sol. orala. prevazut cu
pompa pulverizare - 2 ani",OTC,R05CB06
AMBROSPRAY,AMBROXOLUM,SPRAY. SOL. ORALA,50mg/g,CYATHUS EXQUIRERE PHARMAFORSCHUNGS GMBH - AUSTRIA,"Cutie x 1 flacon din sticla bruna x 13 ml spray. sol. orala. prevazut cu
pompa pulverizare - 2 ani",OTC,R05CB06
AMBROXOL  RICHTER 30 mg,AMBROXOLUM,COMPR.,30mg,"GEDEON RICHTER ROMANIA S.A.
- ROMANIA","Cutie x 2 blist. din Al/PVC x 10 compr.
- 4 ani",OTC,R05CB06
AMBROXOL 0.3%,AMBROXOLUM,SOL. ORALA,0.30%,"TIS FARMACEUTIC S.A. -
ROMANIA","Cutie x 1 flacon din PVC x 100 ml sol.
orala + lingurita dozatoare - 1 an",OTC,R05CB06
AMBROXOL 0.75%,AMBROXOLUM,PIC. ORALE-SOL.,0.75%,"TIS FARMACEUTIC S.A. -
ROMANIA","Cutie x 1 flacon din PE cu picurator x
20 ml pic. orale.-sol. - 1 an",OTC,R05CB06
AMBROXOL 30 mg,AMBROXOLUM,COMPR.,30mg,VIM SPECTRUM SRL - ROMANIA,"Cutie x 2 blist. Al/PVC x 10 compr. - 3
ani",OTC,R05CB06
AMBROXOL 30mg/5ml,AMBROXOLUM,SIROP,30mg/5ml,"GEDEON RICHTER ROMANIA S.A.
- ROMANIA","Cutie x 1 flac. din sticla x 100 ml sirop
+ lingurita dozatoare - 3 ani",OTC,R05CB06
AMBROXOL AL 15 mg/5 ml,AMBROXOLUM,SIROP,15 mg/5ml,"ALIUD® PHARMA GMBH & CO.KG
- GERMANIA","Cutie x 1 flacon din sticla bruna x 100
ml sirop + masura dozatoare - 4 ani",OTC,R05CB06
AMBROXOL AL 15 mg/5 ml,AMBROXOLUM,SIROP,15 mg/5ml,"ALIUD® PHARMA GMBH & CO.KG
- GERMANIA",Cutie x 1 flacon din sticla bruna x 250,OTC,R05CB06
Denumirea comerciala,DCI,Forma,Conc,Firma / Tara detinatoare,Ambalaj,Pres.,ATC
Denumirea comerciala,DCI,Forma,Conc,Firma / Tara detinatoare,ml sirop + masura dozatoare - 4 ani,,
AMBROXOL AL 30 mg,AMBROXOLUM,COMPR.,30mg,ALIUD PHARMA GMBH & CO.KG - GERMANIA,"Cutie x 2 blist  PVC/Al x 10 compr. - 4
ani",OTC,R05CB06
AMBROXOL AL 30 mg,AMBROXOLUM,COMPR.,30mg,ALIUD PHARMA GMBH & CO.KG - GERMANIA,"Cutie x 5 blist. PVC/Al x 10 compr. - 4
ani",OTC,R05CB06
AMBROXOL AL 30 mg,AMBROXOLUM,COMPR.,30mg,ALIUD PHARMA GMBH & CO.KG - GERMANIA,"Cutie x 10 blist. PVC/Al x 10 compr. -
4 ani",OTC,R05CB06
AMBROXOL AL 7.5 mg/ml,AMBROXOLUM,PIC. ORALE. SOL.,7.5 mg/ml,"ALIUD® PHARMA GMBH & CO.KG
- GERMANIA","Cutie x 1 flacon din sticla bruna x 50 ml pic. orale. sol. + masura dozatoare
gradata - 3 ani",OTC,R05CB06
AMBROXOL AL 7.5 mg/ml,AMBROXOLUM,PIC. ORALE. SOL.,7.5 mg/ml,"ALIUD® PHARMA GMBH & CO.KG
- GERMANIA","Cutie x 1 flacon din sticla bruna x100
ml pic. orale. sol. + masura dozatoare gradata - 3 ani",OTC,R05CB06
AMBROXOL ARENA 30 mg,AMBROXOLUM,COMPR.,30mg,ARENA GROUP SA - ROMANIA,"Cutie x 2 blist. Al/PVC x 10 compr. - 3
ani",OTC,R05CB06
AMBROXOL BIOFARM 15 mg/5 ml,AMBROXOLUM,SIROP,15mg/ml,BIOFARM S.A. - ROMANIA,"Cutie x 1 flac. din sticla x 100 ml sirop
+ masura dozatoare cu gradatii de la 2.5 la 20 ml - 3 ani",OTC,R05CB06
AMBROXOL EGIS,AMBROXOLUM,COMPR.,30mg,"EGIS PHARMACEUTICALS PLC -
UNGARIA","Cutie x 2 blist. Al/PVC x 10 compr. - 5
ani",OTC,R05CB06
AMBROXOL EGIS SIROP,AMBROXOLUM,SIROP,3mg/ml,"EGIS PHARMACEUTICALS PLC -
UNGARIA","Cutie x 1 flac. x 100 ml sirop + masura
dozatoare a 5 ml - 3 ani",OTC,R05CB06
"AMBROXOL LAROPHARM 15 mg/5
ml",AMBROXOLUM,SOL. ORALA,15mg/5ml,LAROPHARM S.R.L. - ROMANIA,"Cutie cu 1 flac. din PVC x 100 ml sol.
+ 1 lingurita dublu dozatoare din polistiren de 2.5/5 ml - 2 ani-dupa ambalarea pt. comercializare;dupa prima deschidere-14 zile",OTC,R05CB06
AMBROXOL LAROPHARM 30 mg,AMBROXOLUM,COMPR.,30mg,LAROPHARM S.R.L. - ROMANIA,"Cutie x 2 blist. PVC/Al x 10 compr. - 2
ani",OTC,R05CB06
"AMBROXOL ROMPHARM 15
mg/5ml",AMBROXOLUM,SIROP,15mg/5ml,ROMPHARM COMPANY SRL - ROMANIA,"Cutie x 1 flac. din PEID x 100 ml si o lingurita dozatoare a 2.5ml si a 5ml - 3
ani",OTC,R05CB06
"AMBROXOL SANDOZ
COMPRIMATE",AMBROXOLUM,COMPR.,30mg,HEXAL AG - GERMANIA,"Cutie x 2 blist. PP/Al x 10 compr. - 5
ani",OTC,R05CB06
AMBROXOL SANDOZ SIROP,AMBROXOLUM,SIROP,3 mg/ml,HEXAL AG - GERMANIA,"Cutie x 1 flacon x 100 ml + ligurita dozatoare gradata: 1.25 ml. 2.5 ml si 5 ml - 3 ani - dupa ambalarea pt. comercializare; 12 luni dupa prima
deschidere a flac.",OTC,R05CB06
Denumirea comerciala,DCI,Forma,Conc,Firma / Tara detinatoare,Ambalaj,Pres.,ATC
ANGHIROL,PLANTE,COMPR.,3.25mg,BIOFARM SA - ROMANIA,"Cutie x 2 blist. Al/PVC x 15 compr. - 4
ani",OTC,A05AXN1
ANGHIROL,PLANTE,COMPR.,3.25mg,BIOFARM SA - ROMANIA,"Cutie x 1 blist. Al/PVC x 15 compr. - 4
ani",OTC,A05AXN1
"ANTIFLEBITIC 10 mg+1000
UI/gram",COMBINATII (DICLOFENACUM+HEPARINUM),CREMA,"10mg+1000UI/
gram",FITERMAN PHARMA S.R.L. - ROMANIA,Cutie cu 1 tub Al x 50 g crema - 2 ani,OTC,C05BA53
"ANTIFLEBITIC 10 mg+1000
UI/gram",COMBINATII (DICLOFENACUM+HEPARINUM),CREMA,"10mg+1000UI/
gram",FITERMAN PHARMA S.R.L. - ROMANIA,Cutie cu 1 tub Al x 75 g crema - 2 ani,OTC,C05BA53
ANTIFLEBITIC MK,COMBINATII,CREMA,,FITERMAN PHARMA S.R.L. - ROMANIA,Cutie x 1 tub Al x 35 g crema - 3 ani,OTC,C05BA53
ANTIFLEBITIC MK,COMBINATII,CREMA,,FITERMAN PHARMA S.R.L. - ROMANIA,Cutie x 1 tub Al x 50 g crema - 3 ani,OTC,C05BA53
ANTIGRIPAL PC,COMBINATII,COMPR.,,"FARMEX COMPANY SRL -
ROMANIA",Cutie x 2 blist. x 10 compr. - 2 ani,OTC,N02BE51
ANTINEVRALGIC FORTE,COMBINATII,COMPR.,,ZENTIVA. K.S. - REPUBLICA CEHA,"Cutie cu 1 blist. PVC-PVDC/Al x 10
compr. - 2 ani",OTC,N02BA51
ANTINEVRALGIC FORTE,COMBINATII,COMPR.,,ZENTIVA. K.S. - REPUBLICA CEHA,"Cutie cu 2 blist. PVC-PVDC/Al x 10
compr. - 2 ani",OTC,N02BA51
ANTINEVRALGIC FORTE,COMBINATII,COMPR.,,ZENTIVA. K.S. - REPUBLICA CEHA,"Cutie cu 1 blist. PVC-PVDC/Al x 12
compr. - 2 ani",OTC,N02BA51
ANTINEVRALGIC FORTE,COMBINATII,COMPR.,,ZENTIVA. K.S. - REPUBLICA CEHA,"Cutie cu 2 blist. PVC-PVDC/Al x 12
compr. - 2 ani",OTC,N02BA51
ANTINEVRALGIC® P,COMBINATII,COMPR.,,ZENTIVA SA - ROMANIA,"Cutie x 2 blist. Al/Aclar-PVC x 10
compr. - 18 luni",OTC,N02BA51
ANTINEVRALGIC® P,COMBINATII,COMPR.,,ZENTIVA SA - ROMANIA,"Cutie x 1 blist.Al/Aclar-PVC x 10
compr. - 18 luni",OTC,N02BA51
ANTISPASMIN 40 mg,DROTAVERINUM,COMPR.,40mg,BIOFARM S.A. - ROMANIA,"Cutie cu 1 blist. PVC/Al x 20 compr. -
2 ani",OTC,A03AD02
ANTISPASMIN 40 mg,DROTAVERINUM,COMPR.,40mg,BIOFARM S.A. - ROMANIA,"Cutie cu 1 blist. PVC-Aclar/Al x 20
compr. - 2 ani",OTC,A03AD02
APA PENTRU PREPARATE INJECTABILE,DIVERSE,SOLV. PT. UZ PARENT.,,ZENTIVA SA - ROMANIA,"Cutie x 5 fiole din sticla incolora cu inel de rupere x 10 ml solv. pt. uz.
parent. - 5 ani",OTC,V07ABN1
APA PENTRU PREPARATE INJECTABILE,DIVERSE,SOLV. PT. UZ PARENT.,,ZENTIVA SA - ROMANIA,"Cutie x 10 fiole din sticla incolora cu inel de rupere x 10 ml solv. pt. uz.
parent. - 5 ani",OTC,V07ABN1
APA PENTRU PREPARATE INJECTABILE,DIVERSE,SOLV. PT. UZ PARENT.,,ANTIBIOTICE S.A. - ROMANIA,"Cutie x 5 fiole din sticla incolora x 5 ml
sol. pt. uz parenteral - 5 ani",OTC,V07ABN1
APA PENTRU PREPARATE INJECTABILE,DIVERSE,SOLV. PT. UZ PARENT.,,ANTIBIOTICE S.A. - ROMANIA,"Cutie x 10 fiole din sticla incolora x 5
ml sol. pt. uz parenteral - 5 ani",OTC,V07ABN1
APA PENTRU PREPARATE INJECTABILE,DIVERSE,SOLV. PT. UZ PARENT.,,ANTIBIOTICE S.A. - ROMANIA,"Cutie x 5 fiole din sticla incolora x 10
ml sol. pt. uz parenteral - 5 ani",OTC,V07ABN1
Denumirea comerciala,DCI,Forma,Conc,Firma / Tara detinatoare,Ambalaj,Pres.,ATC
Denumirea comerciala,DCI,Forma,Conc,Firma / Tara detinatoare,"Cutie x 10 fiole din sticla incolora x 10
ml sol. pt. uz parenteral - 5 ani",OTC,V07ABN1
Denumirea comerciala,DCI,Forma,Conc,Firma / Tara detinatoare,"Cutie x 348 fiole din sticla incolora x 5
ml sol. pt. uz parenteral - 5 ani",OTC/S,V07ABN1
Denumirea comerciala,DCI,Forma,Conc,Firma / Tara detinatoare,"Cutie x 240 fiole din sticla incolora x
10 ml sol. pt. uz parenteral - 5 ani",OTC/S,V07ABN1
APA PENTRU PREPARATE INJECTABILE B. BRAUN,DIVERSE,SOLV. PT. UZ PARENT.,,B. BRAUN MELSUNGEN AG - GERMANIA,"Cutie cu 20 fiole din PEJD x 5 ml solv.
pt. uz parenteral - 3 ani",OTC,V07AB
APA PENTRU PREPARATE INJECTABILE B. BRAUN,DIVERSE,SOLV. PT. UZ PARENT.,,B. BRAUN MELSUNGEN AG - GERMANIA,"Cutie cu 20 fiole din PEJD x 10 ml
solv. pt. uz parenteral - 3 ani",OTC,V07AB
APA PENTRU PREPARATE INJECTABILE B. BRAUN,DIVERSE,SOLV. PT. UZ PARENT.,,B. BRAUN MELSUNGEN AG - GERMANIA,"Cutie cu 20 fiole din PEJD x 20 ml
solv. pt. uz parenteral - 3 ani",OTC,V07AB
APA PENTRU PREPARATE INJECTABILE KABI,DIVERSE,SOLV. PT. UZ PARENT.,,"FRESENIUS KABI ROMANIA SR.L.
- ROMANIA","Cutie cu 20 fiole PEJD x 5 ml solv. pt. uz parenteral - 2 ani-dupa ambalarea pt. comercializare; dupa prima
deschidere-se utilizeaza imediat",OTC,V07AB
APA PENTRU PREPARATE INJECTABILE KABI,DIVERSE,SOLV. PT. UZ PARENT.,,"FRESENIUS KABI ROMANIA SR.L.
- ROMANIA","Cutie cu 50 fiole PEJD x 5 ml solv. pt. uz parenteral - 2 ani-dupa ambalarea pt. comercializare; dupa prima
deschidere-se utilizeaza imediat",OTC,V07AB
APA PENTRU PREPARATE INJECTABILE KABI,DIVERSE,SOLV. PT. UZ PARENT.,,"FRESENIUS KABI ROMANIA SR.L.
- ROMANIA","Cutie cu 20 fiole PEJD x 10 ml solv. pt. uz parenteral - 2 ani-dupa ambalarea pt. comercializare; dupa
prima deschidere-se utilizeaza imediat",OTC,V07AB
APA PENTRU PREPARATE INJECTABILE KABI,DIVERSE,SOLV. PT. UZ PARENT.,,"FRESENIUS KABI ROMANIA SR.L.
- ROMANIA","Cutie cu 50 fiole PEJD x 10 ml solv. pt. uz parenteral - 2 ani-dupa ambalarea pt. comercializare; dupa
prima deschidere-se utilizeaza imediat",OTC,V07AB
APA PENTRU PREPARATE INJECTABILE KABI,DIVERSE,SOLV. PT. UZ PARENT.,,"FRESENIUS KABI ROMANIA SR.L.
- ROMANIA","Cutie cu 20 fiole PEJD x 20 ml solv. pt. uz parenteral - 2 ani-dupa ambalarea pt. comercializare; dupa
prima deschidere-se utilizeaza imediat",OTC,V07AB
APAP 500 mg/65mg,COMBINATII,COMPR. FILM.,500mg/65mg,US PHARMACIA SP. Z.O.O. - POLONIA,"Cutie x 1 blist. Al/PVC x 6 compr. film.
- 3 ani",OTC,N02BE51
APAP 500 mg/65mg,COMBINATII,COMPR. FILM.,500mg/65mg,US PHARMACIA SP. Z.O.O. - POLONIA,"Cutie x 1 blist. Al/PVC x 10 compr.
film. - 3 ani",OTC,N02BE51
APAP 500 mg/65mg,COMBINATII,COMPR. FILM.,500mg/65mg,US PHARMACIA SP. Z.O.O. - POLONIA,"Cutie x 1 blist. Al/PVC x 12 compr.
film. - 3 ani",OTC,N02BE51
APAP 500 mg/65mg,COMBINATII,COMPR. FILM.,500mg/65mg,US PHARMACIA SP. Z.O.O. - POLONIA,"Cutie x 2 blist. Al/PVC x 12 compr.
film. - 3 ani",OTC,N02BE51
Denumirea comerciala,DCI,Forma,Conc,Firma / Tara detinatoare,Ambalaj,Pres.,ATC
Denumirea comerciala,DCI,Forma,Conc,Firma / Tara detinatoare,"Cutie x 4 blist. Al/PVC x 6 compr. film.
- 3 ani",OTC,N02BE51
ARNIGEL,HOMEOPATE,GEL,7%,LAB. BOIRON - FRANTA,Cutie x 1 tub Al x 45 g gel - 3 ani,OTC,XRNIT
ASAPRIN 500 mg,ACIDUM ACETYLSALICYLICUM,COMPR.,500mg,AC HELCOR PHARMA SRL - ROMANIA,"Cutie x 2 blist. Al/PVC x 10 compr. - 2
ani",OTC,N02BA01
ASAPRIN 500 mg,ACIDUM ACETYLSALICYLICUM,COMPR.,500mg,AC HELCOR PHARMA SRL - ROMANIA,"Cutie x 100 blist. Al/PVC x 10 compr. -
2 ani",OTC/S,N02BA01
ASAPRIN CARDIO 100 mg,ACIDUM ACETYLSALICYLICUM,COMPR. FILM. GASTROREZ.,100mg,AC HELCOR PHARMA SRL - ROMANIA,"Cutie x 2 blist. Al/PVC x 10 compr.
film. gastrorez. - 2 ani",OTC,B01AC06
ASAPRIN CARDIO 100 mg,ACIDUM ACETYLSALICYLICUM,COMPR. FILM. GASTROREZ.,100mg,AC HELCOR PHARMA SRL - ROMANIA,"Cutie x 100 blist. Al/PVC x 10 compr.
film. gastrorez. - 2 ani",OTC/S,B01AC06
ASAPRIN T 500 mg,ACIDUM ACETYLSALICYLICUM,COMPR.,500mg,AC HELCOR PHARMA S.R.L. - ROMANIA,"Cutie cu 2 blist. PVC/Al  x 10 compr. -
3 ani",OTC,N02BA01
ASAPRIN T 500 mg,ACIDUM ACETYLSALICYLICUM,COMPR.,500mg,AC HELCOR PHARMA S.R.L. - ROMANIA,"Cutie cu 100 blist. PVC/Al x 10 compr.
- 3 ani",OTC,N02BA01
ASPACARDIN 39 mg/12 mg,COMBINATII,COMPR.,39mg/12mg,TERAPIA S.A. - ROMANIA,"Cutie cu 3 blist. PVC-PVDC/Al a cate
10 compr. - 2 ani",OTC,A12BA30
ASPACO,COMBINATII,COMPR.,,BIO EEL S.R.L. - ROMANIA,"Cutie cu 2 blist. PVC/Al x 10 compr. -
2 ani",OTC,N02BA51
ASPAROM,COMBINATII,COMPR.,180mg+180mg,ARENA GROUP SA - ROMANIA,"Cutie x 5 blist. Al/PVC x 10 compr. - 3
ani",OTC,A12BA30
ASPAVIM 36.2 mg/11.8 mg,COMBINATII,CAPS.,"36.2 mg+11.8
mg",VIM SPECTRUM SRL - ROMANIA,"Cutie x 5 blist. Al/PVC x 10 caps. - 3
ani",OTC,A12BA30
ASPENTER 75 mg,ACIDUM ACETYLSALICYLICUM,COMPR. FILM. GASTROREZ.,75mg,TERAPIA SA - ROMANIA,"Cutie x 5 blist. PA-Al-PVC/Al x 10
compr. film. gastrorez. - 2 ani",OTC,B01AC06
ASPENTER 75 mg,ACIDUM ACETYLSALICYLICUM,COMPR. FILM. GASTROREZ.,75mg,TERAPIA SA - ROMANIA,"Cutie x 3 blist.PA-Al-PVC/Al x 10
compr. film. gastrorez. - 2 ani",OTC,B01AC06
ASPERAN 75 mg,ACIDUM ACETYLSALICYLICUM,"COMPR.
GASTROREZ.",,SLAVIA PHARM S.R.L. - ROMANIA,"Cutie cu 3 blist. PVC-PVDC/Al x 10
compr. gastrorez. - 2 ani",OTC,B01AC06
ASPIFOX 100 mg,ACIDUM ACETYLSALICYLICUM,COMPR. GASTROREZ.,100mg,ACTAVIS GROUP PTC EHF - ISLANDA,"Cutie cu blist. PVC/Al x 10 compr.
gastrorez. - 2 ani",OTC,B01AC06
ASPIFOX 100 mg,ACIDUM ACETYLSALICYLICUM,COMPR. GASTROREZ.,100mg,ACTAVIS GROUP PTC EHF - ISLANDA,"Cutie cu blist. PVC/Al x 20 compr.
gastrorez. - 2 ani",OTC,B01AC06
ASPIFOX 100 mg,ACIDUM ACETYLSALICYLICUM,COMPR. GASTROREZ.,100mg,ACTAVIS GROUP PTC EHF - ISLANDA,"Cutie cu blist. PVC/Al x 28 compr.
gastrorez. - 2 ani",OTC,B01AC06
ASPIFOX 100 mg,ACIDUM ACETYLSALICYLICUM,COMPR. GASTROREZ.,100mg,ACTAVIS GROUP PTC EHF - ISLANDA,"Cutie cu blist. PVC/Al x 30 compr.
gastrorez. - 2 ani",OTC,B01AC06
ASPIFOX 100 mg,ACIDUM ACETYLSALICYLICUM,COMPR. GASTROREZ.,100mg,ACTAVIS GROUP PTC EHF - ISLANDA,"Cutie cu blist. PVC/Al x 50 compr.
gastrorez. - 2 ani",OTC,B01AC06
ASPIFOX 100 mg,ACIDUM ACETYLSALICYLICUM,COMPR. GASTROREZ.,100mg,ACTAVIS GROUP PTC EHF - ISLANDA,Cutie cu blist. PVC/Al x 56 compr.,OTC,B01AC06
Denumirea comerciala,DCI,Forma,Conc,Firma / Tara detinatoare,Ambalaj,Pres.,ATC
Denumirea comerciala,DCI,Forma,Conc,Firma / Tara detinatoare,gastrorez. - 2 ani,,
Denumirea comerciala,DCI,Forma,Conc,Firma / Tara detinatoare,"Cutie cu blist. PVC/Al x 60 compr.
gastrorez. - 2 ani",OTC,B01AC06
Denumirea comerciala,DCI,Forma,Conc,Firma / Tara detinatoare,"Cutie cu blist. PVC/Al x 90 compr.
gastrorez. - 2 ani",OTC,B01AC06
Denumirea comerciala,DCI,Forma,Conc,Firma / Tara detinatoare,"Cutie cu blist. PVC/Al x 100 compr.
gastrorez. - 2 ani",OTC,B01AC06
Denumirea comerciala,DCI,Forma,Conc,Firma / Tara detinatoare,"Cutie cu 1 flac. PEID cu capac din
PEJD x 10 compr. gastrorez. - 2 ani",OTC,B01AC06
Denumirea comerciala,DCI,Forma,Conc,Firma / Tara detinatoare,"Cutie cu 1 flac. PEID cu capac din
PEJD x 30 compr. gastrorez. - 2 ani",OTC,B01AC06
Denumirea comerciala,DCI,Forma,Conc,Firma / Tara detinatoare,"Cutie cu 1 flac. PEID cu capac din
PEJD x 50 compr. gastrorez. - 2 ani",OTC,B01AC06
Denumirea comerciala,DCI,Forma,Conc,Firma / Tara detinatoare,"Cutie cu 1 flac. PEID cu capac din
PEJD x 100 compr. gastrorez. - 2 ani",OTC,B01AC06
Denumirea comerciala,DCI,Forma,Conc,Firma / Tara detinatoare,"Cutie cu 1 flac. PEID cu capac din
PEJD x 500 compr. gastrorez. - 2 ani",OTC,B01AC06
Denumirea comerciala,DCI,Forma,Conc,Firma / Tara detinatoare,"Cutie cu 1 flac. PEID cu capac din PP
x 10 compr. gastrorez. - 2 ani",OTC,B01AC06
Denumirea comerciala,DCI,Forma,Conc,Firma / Tara detinatoare,"Cutie cu 1 flac. PEID cu capac din PP
x 30 compr. gastrorez. - 2 ani",OTC,B01AC06
Denumirea comerciala,DCI,Forma,Conc,Firma / Tara detinatoare,"Cutie cu 1 flac. PEID cu capac din PP
x 50 compr. gastrorez. - 2 ani",OTC,B01AC06
Denumirea comerciala,DCI,Forma,Conc,Firma / Tara detinatoare,"Cutie cu 1 flac. PEID cu capac din PP
x 100 compr. gastrorez. - 2 ani",OTC,B01AC06
Denumirea comerciala,DCI,Forma,Conc,Firma / Tara detinatoare,"Cutie cu 1 flac. PEID cu capac din PP
x 500 compr. gastrorez. - 2 ani",OTC,B01AC06
ASPIFOX 75 mg,ACIDUM ACETYLSALICYLICUM,COMPR. GASTROREZ.,75mg,ACTAVIS GROUP PTC EHF - ISLANDA,"Cutie cu blist. PVC/Al x 10 compr.
gastrorez. - 2 ani",OTC,B01AC06
ASPIFOX 75 mg,ACIDUM ACETYLSALICYLICUM,COMPR. GASTROREZ.,75mg,ACTAVIS GROUP PTC EHF - ISLANDA,"Cutie cu blist. PVC/Al x 20 compr.
gastrorez. - 2 ani",OTC,B01AC06
ASPIFOX 75 mg,ACIDUM ACETYLSALICYLICUM,COMPR. GASTROREZ.,75mg,ACTAVIS GROUP PTC EHF - ISLANDA,"Cutie cu blist. PVC/Al x 28 compr.
gastrorez. - 2 ani",OTC,B01AC06
ASPIFOX 75 mg,ACIDUM ACETYLSALICYLICUM,COMPR. GASTROREZ.,75mg,ACTAVIS GROUP PTC EHF - ISLANDA,"Cutie cu blist. PVC/Al x 30 compr.
gastrorez. - 2 ani",OTC,B01AC06
ASPIFOX 75 mg,ACIDUM ACETYLSALICYLICUM,COMPR. GASTROREZ.,75mg,ACTAVIS GROUP PTC EHF - ISLANDA,"Cutie cu blist. PVC/Al x 50 compr.
gastrorez. - 2 ani",OTC,B01AC06
ASPIFOX 75 mg,ACIDUM ACETYLSALICYLICUM,COMPR. GASTROREZ.,75mg,ACTAVIS GROUP PTC EHF - ISLANDA,"Cutie cu blist. PVC/Al x 56 compr.
gastrorez. - 2 ani",OTC,B01AC06
Denumirea comerciala,DCI,Forma,Conc,Firma / Tara detinatoare,Ambalaj,Pres.,ATC
Denumirea comerciala,DCI,Forma,Conc,Firma / Tara detinatoare,"Cutie cu blist. PVC/Al x 60 compr.
gastrorez. - 2 ani",OTC,B01AC06
Denumirea comerciala,DCI,Forma,Conc,Firma / Tara detinatoare,"Cutie cu blist. PVC/Al x 90 compr.
gastrorez. - 2 ani",OTC,B01AC06
Denumirea comerciala,DCI,Forma,Conc,Firma / Tara detinatoare,"Cutie cu blist. PVC/Al x 100 compr.
gastrorez. - 2 ani",OTC,B01AC06
Denumirea comerciala,DCI,Forma,Conc,Firma / Tara detinatoare,"Cutie cu 1 flac. PEID cu capac din
PEJD x 10 compr. gastrorez. - 2 ani",OTC,B01AC06
Denumirea comerciala,DCI,Forma,Conc,Firma / Tara detinatoare,"Cutie cu 1 flac. PEID cu capac din
PEJD x 30 compr. gastrorez. - 2 ani",OTC,B01AC06
Denumirea comerciala,DCI,Forma,Conc,Firma / Tara detinatoare,"Cutie cu 1 flac. PEID cu capac din
PEJD x 50 compr. gastrorez. - 2 ani",OTC,B01AC06
Denumirea comerciala,DCI,Forma,Conc,Firma / Tara detinatoare,"Cutie cu 1 flac. PEID cu capac din
PEJD x 100 compr. gastrorez. - 2 ani",OTC,B01AC06
Denumirea comerciala,DCI,Forma,Conc,Firma / Tara detinatoare,"Cutie cu 1 flac. PEID cu capac din
PEJD x 500 compr. gastrorez. - 2 ani",OTC,B01AC06
Denumirea comerciala,DCI,Forma,Conc,Firma / Tara detinatoare,"Cutie cu 1 flac. PEID cu capac din PP
x 10 compr. gastrorez. - 2 ani",OTC,B01AC06
Denumirea comerciala,DCI,Forma,Conc,Firma / Tara detinatoare,"Cutie cu 1 flac. PEID cu capac din PP
x 30 compr. gastrorez. - 2 ani",OTC,B01AC06
Denumirea comerciala,DCI,Forma,Conc,Firma / Tara detinatoare,"Cutie cu 1 flac. PEID cu capac din PP
x 50 compr. gastrorez. - 2 ani",OTC,B01AC06
Denumirea comerciala,DCI,Forma,Conc,Firma / Tara detinatoare,"Cutie cu 1 flac. PEID cu capac din PP
x 100 compr. gastrorez. - 2 ani",OTC,B01AC06
Denumirea comerciala,DCI,Forma,Conc,Firma / Tara detinatoare,"Cutie cu 1 flac. PEID cu capac din PP
x 500 compr. gastrorez. - 2 ani",OTC,B01AC06
ASPIMAX,ACIDUM ACETYLSALICYLICUM,COMPR.,500mg,LAROPHARM SRL - ROMANIA,"Cutie x 2 blist. Al/PVC x 8 compr. - 2
ani",OTC,N02BA01
ASPIMAX  T 500mg/250mg,ACIDUM ACETYLSALICYLICUM,COMPR.,,LAROPHARM SRL - ROMANIA,"Cutie x 2 blist. Al/PVC x 8 compr. - 1
an",OTC,N02BA01
ASPIMAX  T 500mg/250mg,ACIDUM ACETYLSALICYLICUM,COMPR.,,LAROPHARM SRL - ROMANIA,"Cutie x 3 blist. Al/PVC x 8 compr. - 1
an",OTC,N02BA01
ASPIMAX CARDIO 75 mg,ACIDUM ACETYLSALICYLICUM,"COMPR.
GASTROREZ.",75mg,LAROPHARM S.R.L. - ROMANIA,"Cutie x 2 blist. PVC/Al x 20 compr.
gastrorez. - 2 ani",OTC,B01AC06
ASPIRIN,ACIDUM ACETYLSALICYLICUM,COMPR.,500mg,BAYER S.R.L. - ROMANIA,"Cutie x 2 blist. Al/PP x 10 compr. - 5
ani",OTC,N02BA01
ASPIRIN,ACIDUM ACETYLSALICYLICUM,COMPR.,500mg,BAYER S.R.L. - ROMANIA,"Cutie x 10 blist. Al/PP x 10 compr. - 5
ani",OTC,N02BA01
ASPIRIN 500 mg,ACIDUM ACETYLSALICYLICUM,DRAJ.,,BAYER S.R.L. - ROMANIA,"Cutie cu blist. din
hartie-PE-Al-copolimer x 8 draj. - 3 ani",OTC,N02BA01
Denumirea comerciala,DCI,Forma,Conc,Firma / Tara detinatoare,Ambalaj,Pres.,ATC
Denumirea comerciala,DCI,Forma,Conc,Firma / Tara detinatoare,"Cutie cu blist. din
hartie-PE-Al-copolimer x 12 draj. - 3 ani",OTC,N02BA01
Denumirea comerciala,DCI,Forma,Conc,Firma / Tara detinatoare,"Cutie cu blist. din
hartie-PE-Al-copolimer x 20 draj. - 3 ani",OTC,N02BA01
Denumirea comerciala,DCI,Forma,Conc,Firma / Tara detinatoare,"Cutie cu blist. din
hartie-PE-Al-copolimer x 24 draj. - 3 ani",OTC,N02BA01
Denumirea comerciala,DCI,Forma,Conc,Firma / Tara detinatoare,"Cutie cu blist. din
hartie-PE-Al-copolimer x 40 draj. - 3 ani",OTC,N02BA01
ASPIRIN CARDIO 100mg,ACIDUM ACETYLSALICYLICUM,"COMPR.
GASTROREZ.",100mg,BAYER S.R.L. - ROMANIA,"Cutie cu 3 blist.  PP/Al x 10 compr.
gastrorez. - 5 ani",OTC,B01AC06
ASPIRIN CARDIO 300 mg,ACIDUM ACETYLSALICYLICUM,"COMPR.
GASTROREZ.",300mg,BAYER S.R.L. - ROMANIA,"Cutie cu 3 blist. din PP/Al x 10 compr.
gastrorez. - 5 ani",OTC,B01AC06
ASPIRIN COMPLEX,COMBINATII,GRAN. PT. SOL. ORALA,,BAYER S.R.L. - ROMANIA,"Cutie x 10 plicuri din hartie/Al/PE cu
gran. pt. susp. orala - 3 ani",OTC,N02BA51
ASPIRIN COMPLEX,COMBINATII,GRAN. PT. SOL. ORALA,,BAYER S.R.L. - ROMANIA,"Cutie x 20 plicuri din hartie/Al/PE cu
gran. pt. susp. orala - 3 ani",OTC,N02BA51
"ASPIRIN COMPLEX HOT DRINK
500 mg/30 mg (vezi N02BA01)",COMBINATII(ACIDUM ACETYLSALICYLICUM+PSEUDO EFEDRINA,GRANULE PT. SUSP. ORALA,500mg/30mg,BAYER S.R.L. - ROMANIA,Cutie cu 10 plicuri din hartie/Al/PE cu granule pt. supsensie orala - 3 ani,OTC,R01BA02
"ASPIRIN COMPLEX HOT DRINK
500 mg/30 mg (vezi N02BA01)",COMBINATII(ACIDUM ACETYLSALICYLICUM+PSEUDO EFEDRINA,GRANULE PT. SUSP. ORALA,500mg/30mg,BAYER S.R.L. - ROMANIA,"Cutie cu 20 plicuri din hartie/Al/PE cu
granule pt. supsensie orala - 3 ani",OTC,R01BA02
"ASPIRIN COMPLEX HOT DRINK
500 mg/30 mg (vezi R01BA02)",COMBINATII(ACIDUM ACETYLSALICYLICUM+PSEUDO EFEDRINA,GRANULE PT. SUSP. ORALA,,BAYER S.R.L. - ROMANIA,Cutie cu 10 plicuri din hartie/Al/PE cu granule pt. supsensie orala - 3 ani,OTC,N02BA01
"ASPIRIN COMPLEX HOT DRINK
500 mg/30 mg (vezi R01BA02)",COMBINATII(ACIDUM ACETYLSALICYLICUM+PSEUDO EFEDRINA,GRANULE PT. SUSP. ORALA,,BAYER S.R.L. - ROMANIA,"Cutie cu 20 plicuri din hartie/Al/PE cu
granule pt. supsensie orala - 3 ani",OTC,N02BA01
ASPIRIN PLUS C,COMBINATII,COMPR. EFF.,,BAYER S.R.L. - ROMANIA,"Cutie x 5 plicuri multistratificate din hartie/PE/Al/surlin x 2 compr. eff. - 3
ani",OTC,N02BA51
ASPIRIN PLUS C,COMBINATII,COMPR. EFF.,,BAYER S.R.L. - ROMANIA,"Cutie x 10 plicuri multistratificate din
hartie/PE/Al/surlin x 2 compr. eff. - 3 ani",OTC,N02BA51
BANEOCIN®,COMBINATII,PULB. CUT.,,SANDOZ GMBH - AUSTRIA,"Cutie x 1 flac. de pudrat PE x 10 g - 2
ani",OTC,D06AXN1
BANEOCIN®,COMBINATII,UNGUENT,,SANDOZ GMBH - AUSTRIA,Cutie x 1 tub Al x 20 g - 3 ani,OTC,D06AXN1
BENYLIN MIERE SI LAMAIE 20,GUAIFENESINUM,SIROP,20mg/ml,MCNEIL PRODUCTS LIMITED -,Cutie cu 1 flac. din sticla bruna +,OTC,R05CA03
Denumirea comerciala,DCI,Forma,Conc,Firma / Tara detinatoare,Ambalaj,Pres.,ATC
mg/ml,,,,MAREA BRITANIE,"masura dozatoare din PP gradata la 10 ml x 150 ml - 2 an-dupa ambalarea pt. comercializare; dupa prima
deschidere a flac.-6 luni",,
BEPANTHEN PLUS    50mg/5mg/g,COMBINATII (DEXPANTENOLUM + CLORHEXIDINUM),CREMA,50mg/5mg/g,BAYER S.R.L. - ROMANIA,Cutie x 1 tub din Al x 30 g crema - 3 ani,OTC,D03AXN1
BEPANTHEN PLUS    50mg/5mg/g,COMBINATII (DEXPANTENOLUM + CLORHEXIDINUM),CREMA,50mg/5mg/g,BAYER S.R.L. - ROMANIA,"Cutie x 1 tub din Al x 100 g crema - 3
ani",OTC,D03AXN1
BERES DROPS PLUS,DIVERSE,PIC. ORALE-SOL.,,BERES PHARMACEUTICALS CO. LTD. - UNGARIA,"Cutie x 1 flacon din sticla + picurator din PEJD  x 30 ml pic. orale.. sol. - 54
luni",OTC,V06DEN1
BERES DROPS PLUS,DIVERSE,PIC. ORALE-SOL.,,BERES PHARMACEUTICALS CO. LTD. - UNGARIA,"Cutie x 1 flacon din sticla + picurator din PEJD  x 100 ml pic. orale.. sol. -
54 luni",OTC,V06DEN1
BERES DROPS PLUS,DIVERSE,PIC. ORALE-SOL.,,BERES PHARMACEUTICALS CO. LTD. - UNGARIA,"Cutie x 4 flacone din sticla + picurator
din PEJD x 30 ml pic. orale. sol. - 54 luni",OTC,V06DEN1
BEROCCA® CALCIU SI MAGNEZIU,COMBINATII,COMPR. EFF.,,BAYER S.R.L. - ROMANIA,"Cutie x 1 flac. Al x 10 compr. eff. - 3
ani",OTC,A11JBN1
BEROCCA® CALCIU SI MAGNEZIU,COMBINATII,COMPR. EFF.,,BAYER S.R.L. - ROMANIA,"Cutie x 1 flac. PP x 10 compr. eff. - 3
ani",OTC,A11JBN1
BETADINE OVULE,POVIDONUM IODINATUM,OVULE,200mg,"EGIS PHARMACEUTICALS PLC -
UNGARIA",Cutie x 2 folii PVC/PE x 7 ovule - 2 ani,OTC,G01AX11
BETADINE SAPUN CHIRURGICAL,POVIDONUM IODINATUM,SOL. CUT.,75mg/ml,EGIS PHARMACEUTICALS PLC - UNGARIA,"Cutie x 1 flac. din PE x 120 ml  sol. cutanata +  aplicator pt. picurare - 3
ani",OTC,D08AG02
BETADINE SAPUN CHIRURGICAL,POVIDONUM IODINATUM,SOL. CUT.,75mg/ml,EGIS PHARMACEUTICALS PLC - UNGARIA,"Cutie x 1 flac. din PE x 1000 ml  sol. cutanata +  aplicator pt. picurare - 3
ani",OTC,D08AG02
BETADINE SOLUTIE CUTANATA,POVIDONUM IODINATUM,SOL. CUT.,100mg/ml,EGIS PHARMACEUTICALS PLC - UNGARIA,"Cutie x 1 flac. din PE verde x 30 ml
sol. cutanata + picurator - 3 ani",OTC,D08AG02
BETADINE SOLUTIE CUTANATA,POVIDONUM IODINATUM,SOL. CUT.,100mg/ml,EGIS PHARMACEUTICALS PLC - UNGARIA,"Cutie x 1 flac. din PE verde x 120 ml
sol. cutanata + picurator - 3 ani",OTC,D08AG02
BETADINE SOLUTIE CUTANATA,POVIDONUM IODINATUM,SOL. CUT.,100mg/ml,EGIS PHARMACEUTICALS PLC - UNGARIA,"Cutie x 1 flac. din PE verde x 1000 ml
sol. cutanata + picurator - 3 ani",OTC,D08AG02
BETADINE UNGUENT,POVIDONUM IODINATUM,UNGUENT,100mg/g,"EGIS PHARMACEUTICALS PLC. -
UNGARIA",Cutie x 1 tub Al x 20 g unguent - 2 ani,OTC,D08AG02
BIAZOL 10 mg/g,BIFONAZOLUM,CREMA,10mg/g,"GEDEON RICHTER ROMANIA S.A.
- ROMANIA",Cutie x 1 tub x 15 g crema - 3 ani,OTC,D01AC10
Denumirea comerciala,DCI,Forma,Conc,Firma / Tara detinatoare,Ambalaj,Pres.,ATC
BILICHOL,COMBINATII,"CAPS. MOI
GASTROREZ.",,"PHARCO IMPEX 93 S.R.L. -
ROMANIA","Cutie x 2 blist. Al/PVC x 12 caps. moi.
gastrorez. - 3 ani",OTC,A05AXN2
BIOFEN 100mg/5ml,IBUPROFENUM,SUSP. ORALA,100mg/5ml,BIOFARM S.A. - ROMANIA,"Cutie x 1 flac. din sticla bruna x 100 ml susp. orala + lingurita dozatoare dubla
a 2.5 ml si 5 ml - 2 ani",OTC,M01AE01
BIOFLU,COMBINATII,CAPS. MOI,,BIOFARM S.A. - ROMANIA,"Cutie x 2 blist. Al/PVC x 8 caps. moi -
2 ani",OTC,R05DA20
BIOFLU   JUNIOR,COMBINATII,SIROP,,BIOFARM S.A. - ROMANIA,"Cutie cu 1 flacon din sticla bruna x
100ml sirop+ masura dozatoare - 2 ani",OTC,R05DA20
BIOFLU   JUNIOR,COMBINATII,SIROP,,BIOFARM S.A. - ROMANIA,"Cutie cu 1 flacon din PET x 100 ml
sirop + masura dozatoare - 2 ani",OTC,R05DA20
BIOFLU EXPECTORANT,COMBINATII,SIROP,,BIOFARM S.A. - ROMANIA,"Cutie x 1 flac. din sticla bruna x 100 ml
sirop + masura dozatoare - 3 ani",OTC,R05CA10
BIOFLU EXPECTORANT,COMBINATII,SIROP,,BIOFARM S.A. - ROMANIA,"Cutie x 1 flac. din PET de culoare
bruna x 100 ml sirop + masura dozatoare - 3 ani",OTC,R05CA10
BIOFLU NAZAL 2.5 mg/ml,PHENYLEPHRINUM,PIC. NAZALE. SOL.,2.5mg/ml,BIOFARM SA - ROMANIA,"Cutie cu 1 flac. PE cu capacitatea de 15 ml. prevazut cu aplicator nazal din PE a 10 ml pic. nazale. sol. - 2
ani-dupa ambalarea pt.
comercializare; dupa prima deschidere-30 zile",OTC,R01AB04
BIOFLU NAZAL 5 mg/ml,PHENYLEPHRINUM,SPRAY NAZ..SOL.,5mg/ml,BIOFARM SA - ROMANIA,"Cutie cu 1 flac. din sticla bruna cu capacitatea de 10 ml. prevazut cu pompa de pulverizare a 10 ml spray nazal. sol. - 2 ani-dupa ambalarea pt. comercializare; dupa prima
deschidere-30 zile",OTC,R01AB04
"BIOFLU PENTRU COPII 120 mg/5
ml",PARACETAMOLUM,SIROP,120mg/5ml,BIOFARM S.A. - ROMANIA,"Cutie cu 1 flac. din sticla bruna + masura dozatoare x 100 ml sirop - 2
ani; dupa prima deschidere - 30 zile",OTC,N02BE01
"BIOFLU PENTRU COPII 120 mg/5
ml",PARACETAMOLUM,SIROP,120mg/5ml,BIOFARM S.A. - ROMANIA,"Cutie cu 1 flac. din  PET de culoare bruna + masura dozatoare x 100 ml sirop - 2 ani; dupa prima deschidere -
30 zile",OTC,N02BE01
BIOFLU PLUS,COMBINATII,CAPS. MOI,,BIOFARM S.A. - ROMANIA,"Cutie x 2 blist. PVC/Al a cate 8 caps.
moi - 2 ani",OTC,R05DA20
BIOFLU PLUS JUNIOR,COMBINATII,SIROP,,BIOFARM S.A. - ROMANIA,"Cutie x 1 flac. din sticla bruna x 100ml sirop prevazut cu masura dozatoare -
2 ani",OTC,R05DA20
Denumirea comerciala,DCI,Forma,Conc,Firma / Tara detinatoare,Ambalaj,Pres.,ATC
Denumirea comerciala,DCI,Forma,Conc,Firma / Tara detinatoare,"Cutie x 1 flac. din PET x 100ml sirop
prevazut cu masura dozatoare - 2 ani",OTC,R05DA20
BISACODIL ARENA 5 mg,BISACODYLUM,DRAJ. GASTROREZ.,5mg,ARENA GROUP S.A. - ROMANIA,"Cutie cu 2 blist. PVC/Al x 10 draj. - 3
ani",OTC,A06AB02
BISACODIL ARENA 5 mg,BISACODYLUM,DRAJ. GASTROREZ.,5mg,ARENA GROUP S.A. - ROMANIA,"Cutie cu 3 blist. PVC/Al x 10 draj. - 3
ani",OTC,A06AB02
BISACODIL ARENA 5 mg,BISACODYLUM,DRAJ. GASTROREZ.,5mg,ARENA GROUP S.A. - ROMANIA,"Cutie cu 5 blist. PVC/Al x 10 draj. - 3
ani",OTC,A06AB02
BISACODIL SINTOFARM 10 mg,BISACODYLUM,SUPOZ.,10mg,SINTOFARM S.A. - ROMANIA,"Cutie cu 2 folii termosudate PVC-PE x
3 supoz. - 2 ani",OTC,A06AB02
BISACODIL SINTOFARM 10 mg,BISACODYLUM,SUPOZ.,10mg,SINTOFARM S.A. - ROMANIA,"Cutie cu 2 folii termosudate PVC-PE x
5 supoz. - 2 ani",OTC,A06AB02
BIXTONIM,COMBINATII,"PIC.
NAZALE-SOL.",,BIOFARM SA - ROMANIA,"Cutie x 1 flacon din PE cu dop
picurator  x 10 ml pic. nazale-sol. - 18 luni",OTC,R01AD60
BIXTONIM XYLO 0.5 mg/ml,XYLOMETAZOLINUM,PIC. NAZALE. SOL.,0.5mg/ml,BIOFARM S.A. - ROMANIA,"Cutie x 1 flac. PEID x 10ml pic nazale.
sol. prvazut cu 1 picurator PEJD - 2 ani",OTC,R01AA07
BIXTONIM XYLO 0.5 mg/ml,XYLOMETAZOLINUM,SPRAY NAZ..SOL.,,BIOFARM SA - ROMANIA,"Cutie cu 1 flacon din sticla bruna x 10 ml spray nazal. sol. + pompa de pulverizare - 2 ani-dupa ambalarea pt. comercializare; 30 zile-dupa prima
deschidere a flac.",OTC,R01AA07
BIXTONIM XYLO 1 mg/ml,XYLOMETAZOLINUM,PIC. NAZALE. SOL.,1mg/ml,BIOFARM S.A. - ROMANIA,"Cutie x 1 flac. PEID x 10ml pic nazale. sol. prvazut cu 1 picurator PEJD - 2
ani",OTC,R01AA07
BIXTONIM XYLO 1 mg/ml,XYLOMETAZOLINUM,SPRAY NAZ..SOL.,,BIOFARM SA - ROMANIA,"Cutie cu 1 flacon din sticla bruna x 10 ml spray nazal. sol. + pompa de pulverizare - 2 ani-dupa ambalarea pt. comercializare; 30 zile-dupa prima
deschidere a flac.",OTC,R01AA07
BIXTONIM XYLO AROMA 1 mg/ml,XYLOMETAZOLINUM,SPRAY NAZ..SOL.,,BIOFARM S.A. - ROMANIA,"Cutie cu 1 flac. din sticla prevazut cu pompa de pulverizare a 10 ml spray nazal. sol. - 2 ani-dupa ambalarea pt. comercializare;dupa prima deschidere
a flac. -30 zile",OTC,R01AA07
BREVOXYL 40mg/g,BENZOYLIS PEROXIDUM,CREMA,40mg/g,GLAXOSMITHKLINE CONSUMER HEALTHCARE S.R.L. - ROMANIA,"Cutie cu 1 tub din Al x 40 g crema.
inchis cu capac din PP - 18 luni",OTC,D10AE01
BREVOXYL 40mg/g,BENZOYLIS PEROXIDUM,CREMA,40mg/g,GLAXOSMITHKLINE CONSUMER HEALTHCARE S.R.L. - ROMANIA,"Cutie cu 1 tub din PE/copolimer etilen
vinil alcool/PE x 5 g crema. inchis cu",OTC,D10AE01
Denumirea comerciala,DCI,Forma,Conc,Firma / Tara detinatoare,Ambalaj,Pres.,ATC
Denumirea comerciala,DCI,Forma,Conc,Firma / Tara detinatoare,capac din PP - 18 luni,,
Denumirea comerciala,DCI,Forma,Conc,Firma / Tara detinatoare,"Cutie cu 1 tub din PE/copolimer etilen vinil alcool/PE x 15 g crema. inchis cu
capac din PP - 18 luni",OTC,D10AE01
Denumirea comerciala,DCI,Forma,Conc,Firma / Tara detinatoare,"Cutie cu 1 tub din PE/copolimer etilen vinil alcool/PE x 30 g crema. inchis cu
capac din PP - 18 luni",OTC,D10AE01
Denumirea comerciala,DCI,Forma,Conc,Firma / Tara detinatoare,"Cutie cu 1 tub din PE/copolimer etilen vinil alcool/PE x 50 g crema. inchis cu
capac din PP - 18 luni",OTC,D10AE01
BROMFLUEX 12 mg,BROMHEXINUM,COMPR.,12mg,BIO EEL SRL - ROMANIA,"Cutie x 1 blist. Al/PVC x 25 compr. - 3
ani",OTC,R05CB02
BROMFLUEX 8 mg,BROMHEXINUM,COMPR.,8mg,BIO EEL SRL - ROMANIA,"Cutie x 1 blist. Al/PVC x 25 compr. - 3
ani",OTC,R05CB02
BROMHEXIN  ARENA 12 mg,BROMHEXINUM,COMPR.,12mg,ARENA GROUP S.A. - ROMANIA,"Cutie x 2 blist. Al/PVC x 10 compr.
film. - 3 ani",OTC,R05CB02
BROMHEXIN  ARENA 12 mg,BROMHEXINUM,COMPR.,12mg,ARENA GROUP S.A. - ROMANIA,"Cutie x 100 blist. Al/PVC x 10 compr.
film. - 3 ani",OTC/S,R05CB02
BROMHEXIN  ARENA 8 mg,BROMHEXINUM,COMPR.,8mg,ARENA GROUP SA - ROMANIA,"Cutie x 2 blist. Al/PVC x 10 compr.
film. - 3 ani",OTC,R05CB02
BROMHEXIN  ARENA 8 mg,BROMHEXINUM,COMPR.,8mg,ARENA GROUP SA - ROMANIA,"Cutie x 100 blist. Al/PVC x 10 compr.
film. - 3 ani",OTC/S,R05CB02
BROMHEXIN  LABORMED 8 mg,BROMHEXINUM,COMPR.,,LABORMED PHARMA S.A. - ROMANIA,Cutie x 2 blist. x 10 compr. - 2 ani,OTC,R05CB02
BROMHEXIN  LABORMED 8 mg,BROMHEXINUM,COMPR.,,LABORMED PHARMA S.A. - ROMANIA,Cutie x 100 blist. x 10 compr. - 2 ani,OTC/S,R05CB02
BROMHEXIN - T,BROMHEXINUM,PIC. ORALE-SOL.,2mg/ml,TIS FARMACEUTIC SA - ROMANIA,"Cutie x 1 flacon din PEID x 50 ml pic.
orale - sol. - 2 ani",OTC,R05CB02
BROMHEXIN ATB  8 mg,BROMHEXINUM,COMPR.,8mg,ANTIBIOTICE SA - ROMANIA,"Cutie x 2 blist. Al/PVC x 10 compr. - 3
ani",OTC,R05CB02
BROMHEXIN BIOFARM 12 mg,BROMHEXINUM,COMPR.,12mg,BIOFARM S.A. - ROMANIA,"Cutie cu 1 blist PVC/Al x 20 compr. - 2
ani",OTC,R05CB02
BROMHEXIN BIOFARM 8 mg,BROMHEXINUM,COMPR.,8mg,BIOFARM S.A. - ROMANIA,"Cutie cu 1 blist PVC/Al x 20 compr. - 2
ani",OTC,R05CB02
BROMHEXIN FARMACOM 8 mg,BROMHEXINUM,COMPR.,,FARMACOM S.A. - ROMANIA,"Cutie cu 2 blist. PVC/Al x 10 compr. -
2 ani",OTC,R05CB02
BROMHEXIN HELCOR 8 mg,BROMHEXINUM,COMPR.,,"A.C. HELCOR PHARMA SRL -
ROMANIA","Cutie cu 2 blist. PVC/Al x 10 compr. -
4 ani",OTC,R05CB02
BROMHEXIN LAROPHARM 12 mg,BROMHEXINUM,COMPR.,12mg,LAROPHARM SRL - ROMANIA,"Cutie x 1 blist. Al/PVC  x 20 compr. - 2
ani",OTC,R05CB02
Denumirea comerciala,DCI,Forma,Conc,Firma / Tara detinatoare,Ambalaj,Pres.,ATC
BROMHEXIN ROMPHARM 2mg/ml,BROMHEXINUM,PIC. ORALE/SOL. ORALA,2mg/ml,ROMPHARM COMPANY SRL - ROMANIA,"Cutie x 1 flac. din PEJD x 50 ml pic. orale/sol. orala + lingurita dozatoare
(2.5/5ml) - 3 ani",OTC,R05CB02
BROMHEXIN SLAVIA 8 mg,BROMHEXINUM,COMPR.,8mg,SLAVIA PHARM SRL - ROMANIA,"Cutie x 2 blist. Al/PVC x 10 compr. - 3
ani",OTC,R05CB02
BROMHEXIN SOLACIUM 8 mg,BROMHEXINUM,COMPR.,,"SOLACIUM PHARMA S.R.L. -
ROMANIA","Cutie cu 1 blist. Al/PVC x 20 compr. -
2 ani",OTC,R05CB02
BROMHEXIN® 8 mg,BROMHEXINUM,COMPR.,,MAGISTRA C & C - ROMANIA,Cutie x 2 blist. x 10 compr. - 2 ani,OTC,R05CB02
BRONCHICUM  ELIXIR S,PLANTE,SOL. ORALA,,"SANOFI-AVENTIS ROMÂNIA
S.R.L. - ROMANIA","Cutie x 1 flac. din sticla x 100 ml sol.
orala + masura dozatoare - 3 ani",OTC,R05FB02
BRONCHIPRET TP,PLANTE,COMPR. FILM.,,BIONORICA SE - GERMANIA,"Cutie cu 1 blist. PVC-PVdC/Al x 20
compr. film. - 3 ani",OTC,R05CA10
BRONCHIPRET TP,PLANTE,COMPR. FILM.,,BIONORICA SE - GERMANIA,"Cutie cu 2 blist. PVC-PVdC/Al x 25
compr. film. - 3 ani",OTC,R05CA10
BRONCHIPRET TP,PLANTE,COMPR. FILM.,,BIONORICA SE - GERMANIA,"Cutie cu 5 blist. PVC-PVdC/Al x 20
compr. film. - 3 ani",OTC,R05CA10
BRONHOSOLV,BROMHEXINUM,COMPR.,8mg,LAROPHARM SRL - ROMANIA,"Cutie x 1 blist. Al/PVC x 20 compr. - 2
ani",OTC,R05CB02
BRONHOSOLV 10 mg/5 ml,BROMHEXINUM,SOL. ORALA,10mg/5ml,LAROPHARM SRL - ROMANIA,"Cutie cu 1 flac. din PVC de culoare bruna x 50 ml sl. orala + 1 lingurita dozatoare din polisteren. dubla a 2.5 ml respectiv 5 ml - 2 ani- dupa ambalarea pt. comercializare; dupa
prima deschidere-14 zile",OTC,R05CB02
BUSCOPAN,BUTYLSCOPOLAMMONII BROMIDUM,DRAJ.,10mg,BOEHRINGER INGELHEIM INTERNATIONAL GMBH - GERMANIA,Cutie x 1 blist. Al/PVC x 20 draj. - 5 ani,OTC,A03BB01
BUSCOPAN,BUTYLSCOPOLAMMONII BROMIDUM,DRAJ.,10mg,BOEHRINGER INGELHEIM INTERNATIONAL GMBH - GERMANIA,"Cutie x 1 blist. PVC/PVDC-Al x 20
draj. - 5 ani",OTC,A03BB01
BUSCOREM  10 mg,"BUTYLSCOPOLAMMONII
BROMIDUM",COMPR.,,REMEDIA S.R.L. - ROMANIA,"Cutie cu 2 blist. Al/PVC x 10 compr. -
2 ani",OTC,A03BB01
BUSCOTIL 10 mg,"BUTYLSCOPOLAMMONII
BROMIDUM",COMPR.,,ARENA GROUP SA - ROMANIA,"Cutie x 2 blist. Al/PVC x 10 compr. - 3
ani",OTC,A03BB01
CAFFETIN,COMBINATII,COMPR.,,ALKALOID - INT  d.o.o. - SLOVENIA,"Cutie x 1 folie termosudata din PE-Al x
10 compr. - 3 ani",OTC,N02BE51
CAFFETIN,COMBINATII,COMPR.,,ALKALOID - INT  d.o.o. - SLOVENIA,"Cutie x 2 folii termosudate din PE-Al a
cate 6 compr. - 3 ani",OTC,N02BE51
"CAFFETIN COLDMAX 1000
mg/12.2 mg",COMBINATII,PULB. PT. SUSP. ORALA. PLIC,1000mg/12.2m g,ALKALOID-INT  D.O.O. - SLOVENIA,"Cutie cu 10 plicuri din hartie. PE. Al si copolimer de etilena si acid metacrilic
cu pulb. pt. sol. orala - 2 ani-dupa",OTC,N02BE51
Denumirea comerciala,DCI,Forma,Conc,Firma / Tara detinatoare,Ambalaj,Pres.,ATC
Denumirea comerciala,DCI,Forma,Conc,Firma / Tara detinatoare,"ambalarea pt. comercializare; dupa
reconstituire-1h",,
CAL - C - VITA®,COMBINATII,COMPR. EFF.,,BAYER S.R.L. - ROMANIA,Cutie x 1 tub Al x 10 compr. eff. - 3 ani,OTC,A11JBN1
CAL - C - VITA®,COMBINATII,COMPR. EFF.,,BAYER S.R.L. - ROMANIA,"Cutie x 1 tub PP x 10 compr. eff. - 3
ani",OTC,A11JBN1
CAL-D-VITA  600mg/400 UI,COMBINATII,COMPR. MAST.,,BAYER S.R.L. - ROMANIA,"Cutie x 6 blist. PVDC-PE-PVC/Al x 10
compr. mastic. - 18 luni",OTC,A11JBN1
CAL-D-VITA  600mg/400 UI,COMBINATII,COMPR. MAST.,,BAYER S.R.L. - ROMANIA,"Cutie x 1 flac. PEID x 60 compr.
mastic. - 3 ani",OTC,A11JBN1
CAL-D-VITA 600mg/400 UI,COMBINATII,COMPR. EFF.,,BAYER S.R.L. - ROMANIA,Cutie x 1 tub Al x 10 compr. eff. - 2 ani,OTC,A11JBN1
CAL-D-VITA 600mg/400 UI,COMBINATII,COMPR. EFF.,,BAYER S.R.L. - ROMANIA,"Cutie x 1 tub PP x 10 compr. eff. - 2
ani",OTC,A11JBN1
CALCIU COLECALCIFEROL BERES 600 mg/400 UI,COMBINATII,COMPR. FILM.,600mg/400UI,"BERES PHARMACEUTICALS LTD.
- UNGARIA","Cutie cu blist. PVC/Al x 30 compr. film.
- 2 ani",OTC,A12AX
CALCIU COLECALCIFEROL BERES 600 mg/400 UI,COMBINATII,COMPR. FILM.,600mg/400UI,"BERES PHARMACEUTICALS LTD.
- UNGARIA","Cutie cu blist. PVC/Al x 60 compr. film.
- 2 ani",OTC,A12AX
CALCIU D3 FORTE 1000 mg/800 UI,COMBINATII,COMPR. MAST.,1000mg/800UI,TAKEDA NYCOMED AS - NORVEGIA,"Cutie cu flac. din PEID x 15 compr.
mast. - 3 ani",OTC,A12AX
CALCIU D3 FORTE 1000 mg/800 UI,COMBINATII,COMPR. MAST.,1000mg/800UI,TAKEDA NYCOMED AS - NORVEGIA,"Cutie cu flac. din PEID x 30 compr.
mast. - 3 ani",OTC,A12AX
CALCIU D3 FORTE 1000 mg/800 UI,COMBINATII,COMPR. MAST.,1000mg/800UI,TAKEDA NYCOMED AS - NORVEGIA,"Cutie cu flac. din PEID x 40 compr.
mast. - 3 ani",OTC,A12AX
CALCIU D3 FORTE 1000 mg/800 UI,COMBINATII,COMPR. MAST.,1000mg/800UI,TAKEDA NYCOMED AS - NORVEGIA,"Cutie cu flac. din PEID x 60 compr.
mast. - 3 ani",OTC,A12AX
CALCIU D3 FORTE 1000 mg/800 UI,COMBINATII,COMPR. MAST.,1000mg/800UI,TAKEDA NYCOMED AS - NORVEGIA,"Cutie cu flac. din PEID x 90 compr.
mast. - 3 ani",OTC,A12AX
CALCIU D3 FORTE 1000 mg/800 UI,COMBINATII,COMPR. MAST.,1000mg/800UI,TAKEDA NYCOMED AS - NORVEGIA,"Cutie cu blist. PVC-PE-PVDC/Al x 7
compr. mast. - 2 ani",OTC,A12AX
CALCIU D3 FORTE 1000 mg/800 UI,COMBINATII,COMPR. MAST.,1000mg/800UI,TAKEDA NYCOMED AS - NORVEGIA,"Cutie cu blist. PVC-PE-PVDC/Al x 14
compr. mast. - 2 ani",OTC,A12AX
CALCIU D3 FORTE 1000 mg/800 UI,COMBINATII,COMPR. MAST.,1000mg/800UI,TAKEDA NYCOMED AS - NORVEGIA,"Cutie cu blist. PVC-PE-PVDC/Al x 28
compr. mast. - 2 ani",OTC,A12AX
CALCIU D3 FORTE 1000 mg/800 UI,COMBINATII,COMPR. MAST.,1000mg/800UI,TAKEDA NYCOMED AS - NORVEGIA,"Cutie cu blist. PVC-PE-PVDC/Al x
50x1 (unidoza) compr. mast. - 2 ani",OTC,A12AX
CALCIU D3 FORTE 1000 mg/800 UI,COMBINATII,COMPR. MAST.,1000mg/800UI,TAKEDA NYCOMED AS - NORVEGIA,"Cutie cu blist. PVC-PE-PVDC/Al x 56
compr. mast. - 2 ani",OTC,A12AX
CALCIU D3 FORTE 1000 mg/800 UI,COMBINATII,COMPR. MAST.,1000mg/800UI,TAKEDA NYCOMED AS - NORVEGIA,"Cutie cu blist. PVC-PE-PVDC/Al x 84
compr. mast. - 2 ani",OTC,A12AX
CALCIU D3 FORTE 1000 mg/800 UI,COMBINATII,COMPR. MAST.,1000mg/800UI,TAKEDA NYCOMED AS - NORVEGIA,"Cutie cu blist. PVC-PE-PVDC/Al x 112
compr. mast. - 2 ani",OTC,A12AX
Denumirea comerciala,DCI,Forma,Conc,Firma / Tara detinatoare,Ambalaj,Pres.,ATC
Denumirea comerciala,DCI,Forma,Conc,Firma / Tara detinatoare,"Cutie cu blist. PVC-PE-PVDC/Al x 140
compr. mast. - 2 ani",OTC,A12AX
Denumirea comerciala,DCI,Forma,Conc,Firma / Tara detinatoare,"Cutie cu blist. PVC-PE-PVDC/Al x 168
compr. mast. - 2 ani",OTC,A12AX
"CALCIU D3 MASTICABIL 500
mg/200 UI",COMBINATII,COMPR. MAST.,500mg/200UI,TAKEDA NYCOMED AS - NORVEGIA,"Flac. din PEID x 20 compr. mast. - 2
ani",OTC,A12AXN1
"CALCIU D3 MASTICABIL 500
mg/200 UI",COMBINATII,COMPR. MAST.,500mg/200UI,TAKEDA NYCOMED AS - NORVEGIA,"Flac. din PEID x 60 compr. mast. - 2
ani",OTC,A12AXN1
"CALCIU D3 MASTICABIL 500
mg/200 UI",COMBINATII,COMPR. MAST.,500mg/200UI,TAKEDA NYCOMED AS - NORVEGIA,"Flac. din PEID x 100 compr. mast. - 2
ani",OTC,A12AXN1
CALCIU D3 PLUS 500 mg/400 UI,COMBINATII,COMPR. MAST.,500mg/400UI,TAKEDA NYCOMED AS - NORVEGIA,"Flac. din PEID x 20 compr. mast. - 3
ani",OTC,A12AX
CALCIU D3 PLUS 500 mg/400 UI,COMBINATII,COMPR. MAST.,500mg/400UI,TAKEDA NYCOMED AS - NORVEGIA,"Flac. din PEID x 30 compr. mast. - 3
ani",OTC,A12AX
CALCIU D3 PLUS 500 mg/400 UI,COMBINATII,COMPR. MAST.,500mg/400UI,TAKEDA NYCOMED AS - NORVEGIA,"Flac. din PEID x 50 compr. mast. - 3
ani",OTC,A12AX
CALCIU D3 PLUS 500 mg/400 UI,COMBINATII,COMPR. MAST.,500mg/400UI,TAKEDA NYCOMED AS - NORVEGIA,"Flac. din PEID x 60 compr. mast. - 3
ani",OTC,A12AX
CALCIU D3 PLUS 500 mg/400 UI,COMBINATII,COMPR. MAST.,500mg/400UI,TAKEDA NYCOMED AS - NORVEGIA,"Flac. din PEID x 90 compr. mast. - 3
ani",OTC,A12AX
CALCIU D3 PLUS 500 mg/400 UI,COMBINATII,COMPR. MAST.,500mg/400UI,TAKEDA NYCOMED AS - NORVEGIA,"Flac. din PEID x 100 compr. mast. - 3
ani",OTC,A12AX
CALCIU D3 PLUS 500 mg/400 UI,COMBINATII,COMPR. MAST.,500mg/400UI,TAKEDA NYCOMED AS - NORVEGIA,"Flac. din PEID x 120 compr. mast. - 3
ani",OTC,A12AX
CALCIU D3 PLUS 500 mg/400 UI,COMBINATII,COMPR. MAST.,500mg/400UI,TAKEDA NYCOMED AS - NORVEGIA,"Flac. din PEID x 168 compr. mast. - 3
ani",OTC,A12AX
CALCIU D3 PLUS 500 mg/400 UI,COMBINATII,COMPR. MAST.,500mg/400UI,TAKEDA NYCOMED AS - NORVEGIA,"Flac. din PEID x 180 compr. mast. - 3
ani",OTC,A12AX
CALCIU D3 PLUS 500 mg/400 UI,COMBINATII,COMPR. MAST.,500mg/400UI,TAKEDA NYCOMED AS - NORVEGIA,"Cutie cu blist. PVC-PE-PVDC/Al x 20
compr. mast. - 2 ani",OTC,A12AX
CALCIU D3 PLUS 500 mg/400 UI,COMBINATII,COMPR. MAST.,500mg/400UI,TAKEDA NYCOMED AS - NORVEGIA,"Cutie cu blist. PVC-PE-PVDC/Al x 30
compr. mast. - 2 ani",OTC,A12AX
CALCIU D3 PLUS 500 mg/400 UI,COMBINATII,COMPR. MAST.,500mg/400UI,TAKEDA NYCOMED AS - NORVEGIA,"Cutie cu blist. PVC-PE-PVDC/Al x
50x1 (unidoza) compr. mast. - 2 ani",OTC,A12AX
CALCIU D3 PLUS 500 mg/400 UI,COMBINATII,COMPR. MAST.,500mg/400UI,TAKEDA NYCOMED AS - NORVEGIA,"Cutie cu blist. PVC-PE-PVDC/Al x 50
compr. mast. - 2 ani",OTC,A12AX
CALCIU D3 PLUS 500 mg/400 UI,COMBINATII,COMPR. MAST.,500mg/400UI,TAKEDA NYCOMED AS - NORVEGIA,"Cutie cu blist. PVC-PE-PVDC/Al x 60
compr. mast. - 2 ani",OTC,A12AX
CALCIU D3 PLUS 500 mg/400 UI,COMBINATII,COMPR. MAST.,500mg/400UI,TAKEDA NYCOMED AS - NORVEGIA,"Cutie cu blist. PVC-PE-PVDC/Al x 90
compr. mast. - 2 ani",OTC,A12AX
Denumirea comerciala,DCI,Forma,Conc,Firma / Tara detinatoare,Ambalaj,Pres.,ATC
Denumirea comerciala,DCI,Forma,Conc,Firma / Tara detinatoare,"Cutie cu blist. PVC-PE-PVDC/Al x 100
compr. mast. - 2 ani",OTC,A12AX
Denumirea comerciala,DCI,Forma,Conc,Firma / Tara detinatoare,"Cutie cu blist. PVC-PE-PVDC/Al x 120
compr. mast. - 2 ani",OTC,A12AX
Denumirea comerciala,DCI,Forma,Conc,Firma / Tara detinatoare,"Cutie cu blist. PVC-PE-PVDC/Al x 168
compr. mast. - 2 ani",OTC,A12AX
Denumirea comerciala,DCI,Forma,Conc,Firma / Tara detinatoare,"Cutie cu blist. PVC-PE-PVDC/Al x 180
compr. mast. - 2 ani",OTC,A12AX
"CALCIU SANDOZ OSTEO 1000
mg/880 UI",COMBINATII,COMPR. MAST.,1000mg/880UI,SANDOZ S.R.L. - ROMANIA,"Cutie cu 1 tub din PP x 10 (1x10)
compr. mast. - 2 ani",OTC,A12AX
"CALCIU SANDOZ OSTEO 1000
mg/880 UI",COMBINATII,COMPR. MAST.,1000mg/880UI,SANDOZ S.R.L. - ROMANIA,"Cutie cu 1 tub din PP x 20 (1x20)
compr. mast. - 2 ani",OTC,A12AX
"CALCIU SANDOZ OSTEO 1000
mg/880 UI",COMBINATII,COMPR. MAST.,1000mg/880UI,SANDOZ S.R.L. - ROMANIA,"Cutie cu 2 tuburi din PP x 28 (2x14)
compr. mast. - 2 ani",OTC,A12AX
"CALCIU SANDOZ OSTEO 1000
mg/880 UI",COMBINATII,COMPR. MAST.,1000mg/880UI,SANDOZ S.R.L. - ROMANIA,"Cutie cu 1 tub din PP x 30 (1x30)
compr. mast. - 2 ani",OTC,A12AX
"CALCIU SANDOZ OSTEO 1000
mg/880 UI",COMBINATII,COMPR. MAST.,1000mg/880UI,SANDOZ S.R.L. - ROMANIA,"Cutie cu 2 tuburi din PP x 40 (2x20)
compr. mast. - 2 ani",OTC,A12AX
"CALCIU SANDOZ OSTEO 1000
mg/880 UI",COMBINATII,COMPR. MAST.,1000mg/880UI,SANDOZ S.R.L. - ROMANIA,"Cutie cu 2 tuburi din PP x 50 (2x25)
compr. mast. - 2 ani",OTC,A12AX
"CALCIU SANDOZ OSTEO 1000
mg/880 UI",COMBINATII,COMPR. MAST.,1000mg/880UI,SANDOZ S.R.L. - ROMANIA,"Cutie cu 4 tuburi din PP x 56 (4x14)
compr. mast. - 2 ani",OTC,A12AX
"CALCIU SANDOZ OSTEO 1000
mg/880 UI",COMBINATII,COMPR. MAST.,1000mg/880UI,SANDOZ S.R.L. - ROMANIA,"Cutie cu 2 tuburi din PP x 60 (2x30)
compr. mast. - 2 ani",OTC,A12AX
"CALCIU SANDOZ OSTEO 1000
mg/880 UI",COMBINATII,COMPR. MAST.,1000mg/880UI,SANDOZ S.R.L. - ROMANIA,"Cutie cu 3 tuburi din PP x 90 (3x30)
compr. mast. - 2 ani",OTC,A12AX
"CALCIU SANDOZ OSTEO 1000
mg/880 UI",COMBINATII,COMPR. MAST.,1000mg/880UI,SANDOZ S.R.L. - ROMANIA,"5 cutii cu 1 tub PP 100 (5x20) compr.
mast. - 2 ani",OTC,A12AX
"CALCIU SANDOZ OSTEO 1000
mg/880 UI",COMBINATII,COMPR. MAST.,1000mg/880UI,SANDOZ S.R.L. - ROMANIA,"Cutie cu 5 folii laminate termosudate din Al/hartie x 10 (5x2) compr. mast. -
2 ani",OTC,A12AX
"CALCIU SANDOZ OSTEO 1000
mg/880 UI",COMBINATII,COMPR. MAST.,1000mg/880UI,SANDOZ S.R.L. - ROMANIA,"Cutie cu 5 folii laminate termosudate din Al/hartie x 20 (5x4) compr. mast. -
2 ani",OTC,A12AX
"CALCIU SANDOZ OSTEO 1000
mg/880 UI",COMBINATII,COMPR. MAST.,1000mg/880UI,SANDOZ S.R.L. - ROMANIA,"Cutie cu 7 folii laminate termosudate
din Al/hartie x 28 (7x4) compr. mast. - 2 ani",OTC,A12AX
"CALCIU SANDOZ OSTEO 1000
mg/880 UI",COMBINATII,COMPR. MAST.,1000mg/880UI,SANDOZ S.R.L. - ROMANIA,"Cutie cu 5 folii laminate termosudate din Al/hartie x 30 (5x6) compr. mast. -
2 ani",OTC,A12AX
Denumirea comerciala,DCI,Forma,Conc,Firma / Tara detinatoare,Ambalaj,Pres.,ATC
Denumirea comerciala,DCI,Forma,Conc,Firma / Tara detinatoare,"Cutie cu 10 folii laminate termosudate din Al/hartie x 40 (10x4) compr. mast.
- 2 ani",OTC,A12AX
Denumirea comerciala,DCI,Forma,Conc,Firma / Tara detinatoare,"Cutei cu 8 folii laminate termosudate din Al/hartie x 48 (8x6) compr. mast. -
2 ani",OTC,A12AX
Denumirea comerciala,DCI,Forma,Conc,Firma / Tara detinatoare,"Cutie cu 14 folii laminate termosudate din Al/hartie x 56 (14x4) compr. mast.
- 2 ani",OTC,A12AX
Denumirea comerciala,DCI,Forma,Conc,Firma / Tara detinatoare,"Cutie cu 10 folii laminate termosudate din Al/hartie x 60 (10x6) compr. mast.
- 2 ani",OTC,A12AX
Denumirea comerciala,DCI,Forma,Conc,Firma / Tara detinatoare,"2 cutii cu 5 folii laminate termosudate fiecare din Al/hartiex 60 (5x6) compr.
mast. - 2 ani",OTC,A12AX
Denumirea comerciala,DCI,Forma,Conc,Firma / Tara detinatoare,"Cutie cu 15 folii laminate termosudate
din Al/hartiex 90 (15x6) compr. mast. - 2 ani",OTC,A12AX
Denumirea comerciala,DCI,Forma,Conc,Firma / Tara detinatoare,"3 cutii cu 5 folii laminate termosudate
fiecare din Al/hartiex 90 (5x6) compr. mast. - 2 ani",OTC,A12AX
Denumirea comerciala,DCI,Forma,Conc,Firma / Tara detinatoare,"Cutie cu 16 folii laminate termosudate
din Al/hartiex 96 (16x6) compr. mast. - 2 ani",OTC,A12AX
Denumirea comerciala,DCI,Forma,Conc,Firma / Tara detinatoare,"5 cutii cu 5 folii laminate termosudate fiecare din Al/hartiex 100 (5x4) compr.
mast. - 2 ani",OTC,A12AX
Denumirea comerciala,DCI,Forma,Conc,Firma / Tara detinatoare,"Cutie cu folii laminate termosudate din
Al/hartie x 120 compr. mast. - 2 ani",OTC,A12AX
"CALCIUM-SANDOZ®  + VIT. C
1000 mg",COMBINATII,COMPR. EFF.,,SANDOZ S.R.L. - ROMANIA,"Cutie x 1 tub PP x 10 compr. eff. - 3
ani",OTC,A11GB01
"CALCIUM-SANDOZ® FORTE 500
mg",COMBINATII,COMPR. EFF.,500mg,SANDOZ S.R.L. - ROMANIA,"Cutie x 1 tub PP x 10 compr. eff. - 3
ani",OTC,A12AA20
CALCIVID,COMBINATII,COMPR. FILM.,,BERES PHARMACEUTICALS CO. LTD. - UNGARIA,"Cutie x 3 blist. Al/PVC x 10 compr.
film. - 2 ani",OTC,A12AXN1
CALCIVID,COMBINATII,COMPR. FILM.,,BERES PHARMACEUTICALS CO. LTD. - UNGARIA,"Cutie x 6 blist. Al/PVC x 10 compr.
film. - 2 ani",OTC,A12AXN1
CALCIVID CITRAT 300 mg/200 UI,COMBINATII,COMPR. FILM.,300mg/200UI,BIO EEL S.R.L. - ROMANIA,"Cutie cu 1 flac. PEID x 30 compr. film.
- 2 ani",OTC,A12AX
CALCIVID CITRAT 300 mg/200 UI,COMBINATII,COMPR. FILM.,300mg/200UI,BIO EEL S.R.L. - ROMANIA,Cutie cu 1 flac. PEID x 60 compr. film.,OTC,A12AX
Denumirea comerciala,DCI,Forma,Conc,Firma / Tara detinatoare,Ambalaj,Pres.,ATC
Denumirea comerciala,DCI,Forma,Conc,Firma / Tara detinatoare,- 2 ani,,
Denumirea comerciala,DCI,Forma,Conc,Firma / Tara detinatoare,"Cutie cu 1 flac. PEID x 90 compr. film.
- 2 ani",OTC,A12AX
CALGEL,DIVERSE,GEL GINGIVAL,,"MCNEIL PRODUCTS LIMITED C/O JOHNSON & JOHNSON - MAREA
BRITANIE",Cutie x 1 tub Al x 10 g - 3 ani,OTC,A01AD11
CALMOFLUID-T,PLANTE,SIROP,,TIS FARMACEUTIC SA - ROMANIA,"Cutie x 1 flacon din PVC x 100 ml
sirop + lingurita dozatoare - 2 ani",OTC,R05CA10
CANEPHRON,PLANTE,DRAJ.,,BIONORICA SE - GERMANIA,"Cutie cu 3 blist. Al/PVC-PVDC x 20
draj. - 3 ani",OTC,G04BX
CANEPHRON,PLANTE,DRAJ.,,BIONORICA SE - GERMANIA,"Cutie cu 6 blist. Al/PVC-PVDC x 20
draj. - 3 ani",OTC,G04BX
CANEPHRON,PLANTE,DRAJ.,,BIONORICA SE - GERMANIA,"Cutie cu 10 blist. Al/PVC-PVDC x 20
draj. - 3 ani",OTC,G04BX
CANEPHRON,PLANTE,PIC. ORALE. SOL.,,BIONORICA SE - GERMANIA,"Cutie cu 1 flac. din sticla bruna a 50 ml pic. orale. sol. + picurator din PE si capac din PP cu inel de siguranta - 2 ani- dupa ambalarea pt. comercializare; 6 luni-dupa prima
deschidere a flac.",OTC,G04BX
CANEPHRON,PLANTE,PIC. ORALE. SOL.,,BIONORICA SE - GERMANIA,"Cutie cu 1 flac. din sticla bruna a 100 ml pic. orale. sol. + picurator din PE si capac din PP cu inel de siguranta - 2 ani- dupa ambalarea pt. comercializare; 6 luni-dupa prima
deschidere a flac.",OTC,G04BX
CANEPHRON,PLANTE,PIC. ORALE. SOL.,,BIONORICA SE - GERMANIA,"Cutie cu 1 flac. din sticla bruna a 200 ml pic. orale. sol. + picurator din PE si capac din PP cu inel de siguranta - 2 ani- dupa ambalarea pt. comercializare; 6 luni-dupa prima
deschidere a flac.",OTC,G04BX
CANESPOR CREMA 10mg/g,BIFONAZOLUM,CREMA,10mg/g,BAYER S.R.L. - ROMANIA,"Cutie x 1 tub din Al x 15 g crema - 5
ani",OTC,D01AC10
CANESPOR CREMA 10mg/g,BIFONAZOLUM,CREMA,10mg/g,BAYER S.R.L. - ROMANIA,"Cutie x 1 tub din Al x 20 g crema - 5
ani",OTC,D01AC10
"CANESPOR ONICHOSET
10mg+400mg//g",COMBINATII,UNGUENT,10mg+400mg/g,BAYER S.R.L. - ROMANIA,"Cutie x 1 tub din Al x 10 g ung. + disp. pt. extragerea ung. + 15 plasturi + 1
razuitoare pt. unghii - 3 ani",OTC,D01AC60
CANESPOR SOLUTIE CUTANATA,BIFONAZOLUM,SOL. CUT.,10mg/ml,BAYER S.R.L. - ROMANIA,Cutie x 1 flacon x 15 ml sol. cut. +,OTC,D01AC10
Denumirea comerciala,DCI,Forma,Conc,Firma / Tara detinatoare,Ambalaj,Pres.,ATC
10mg/ml,,,,,disp. de picurare - 5 ani,,
CANESTEN,CLOTRIMAZOLUM,CREMA,10mg/g,BAYER S.R.L. - ROMANIA,"Cutie x 1 tub din Al x 20 g crema - 3
ani",OTC,D01AC01
CANESTEN GYN  3,CLOTRIMAZOLUM,COMPR. VAG.,200mg,BAYER S.R.L. - ROMANIA,"Cutie x 1 blist. PA-Al-PVC/Al x 3 compr. vag. + aplicator din PEID - 4
ani",OTC,G01AF02
CARMOLIS® ALS PICATURI,COMBINATII,SOL.  IN PICATURI,,DR. A & L. SCHMIDGALL - AUSTRIA,"Cutie x 1 flacon x 40 ml + picurator - 5
ani",OTC,V03AXN1
CARMOLIS® ALS PICATURI,COMBINATII,SOL.  IN PICATURI,,DR. A & L. SCHMIDGALL - AUSTRIA,"Cutie x 1 flacon x 80 ml + picurator - 5
ani",OTC,V03AXN1
CEFANORM,PLANTE,CAPS.,4mg,CEFAK KG - GERMANIA,"Cutie x 3 blist. PVC-PVDC/Al x 10
caps. - 5 ani",OTC,G02CXN1
CEFANORM,PLANTE,CAPS.,4mg,CEFAK KG - GERMANIA,"Cutie x 6 blist. PVC-PVDC/Al x 10
caps. - 5 ani",OTC,G02CXN1
CEFANORM,PLANTE,CAPS.,4mg,CEFAK KG - GERMANIA,"Cutie x 10 blist. PVC-PVDC/Al x 10
caps. - 5 ani",OTC,G02CXN1
CEFASABAL,PLANTE. COMBINATII,COMPR.,,CEFAK KG - GERMANIA,"Cutie x 5 blist. PVC-PVDC/Al x 20
comp. - 5 ani",OTC,G04CXN4
CEFASEL 100 µg,SELENIUM,COMPR.,100µg,CEFAK KG - GERMANIA,"Cutie x 2 blist. PVC-PVDC/Al x 10
compr. - 5 ani",OTC,A12CE02
CEFASEL 100 µg,SELENIUM,COMPR.,100µg,CEFAK KG - GERMANIA,"Cutie x 5 blist. PVC-PVDC/Al x 10
compr. - 5 ani",OTC,A12CE02
CEFASEL 100 µg,SELENIUM,COMPR.,100µg,CEFAK KG - GERMANIA,"Cutie x 10 blist. PVC-PVDC/Al x 10
compr. - 5 ani",OTC,A12CE02
CEFATEC 480 FT,PLANTE,COMPR. FILM.,480mg,CEFAK KG - GERMANIA,"Cutie x 2 blist. PVC-PVDC/Al x 10
compr. film. - 3 ani",OTC,M09AXN3
CEFATEC 480 FT,PLANTE,COMPR. FILM.,480mg,CEFAK KG - GERMANIA,"Cutie x 5 blist. PVC-PVDC/Al x 10
compr. film. - 3 ani",OTC,M09AXN3
CEFATEC 480 FT,PLANTE,COMPR. FILM.,480mg,CEFAK KG - GERMANIA,"Cutie x 10 blist. PVC-PVDC/Al x 10
compr. film. - 3 ani",OTC,M09AXN3
CELERG,CETIRIZINUM,COMPR.,10 mg,"AC HELCOR PHARMA SRL -
ROMANIA","Cutie x 1 blist. PVC/Al x 10 ompr. film.
- 3 ani",OTC,R06AE07
CEMOLPLUS 500 mg/3 mg,COMBINATII,COMPR.,500mg/3mg,SANOSAN S.R.L. - ROMANIA,"Cutie cu 2 blist. PVC/Al x 10 compr. -
2 ani",OTC,N02BE51
CEMOLSINUS 500 mg/3 mg/50 mg,COMBINATII,COMPR.,"500mg/3mg/50
mg",SANOSAN S.R.L. - ROMANIA,"Cutie cu 2 blist. PVC/Al x 10 compr. -
2 ani",OTC,R01BA52
CETIRIZINA DORNAFARM 10 mg,CETIRIZINUM,COMPR,10mg,ARENA GROUP S.A. - ROMANIA,"Cutie x 1 blist. PVC-PVDC/Al x
7compr. film. - 2 ani",OTC,R06AE07
CHOLINEX,CHOLINI SALICYLAS,PASTILE,150mg,"GLAXOSMITHKLINE
PHARMACEUTICALS SA -","Cutie x 2 blist. PVC-PVDC/Al x 8
compr. de supt - 2 ani",OTC,A01AD11
Denumirea comerciala,DCI,Forma,Conc,Firma / Tara detinatoare,Ambalaj,Pres.,ATC
Denumirea comerciala,DCI,Forma,Conc,Firma / Tara detinatoare,,,
CICADERMA,HOMEOPATE,UNGUENT,,LAB. BOIRON - FRANTA,"Cutie x 1 tub din Al x 30 g unguent - 3
ani",OTC,XRNIT
CICATROL 10 mg/g,SULFADIAZINUM,PASTA CUTANATA,10mg/g,ANTIBIOTICE S.A. - ROMANIA,"Cutie cu 1 tub din Al x 20 g pasta cutanata - 3 ani-dupa ambalarea pt. comercializare;dupa prima deschidere
a tubului-3 ani",OTC,D06BA01
CICATROL 10 mg/g,SULFADIAZINUM,PASTA CUTANATA,10mg/g,ANTIBIOTICE S.A. - ROMANIA,"Cutie cu 1 tub din Al x 50 g pasta cutanata - 3 ani-dupa ambalarea pt. comercializare;dupa prima deschidere
a tubului-3 ani",OTC,D06BA01
CITRAFLEET,COMBINATII,PULB. PT. SOL. ORALA,,"LABORATORIOS CASEN-FLEET.
S.L.U. - SPANIA","Cutie cu 2 plicuri unidoza PE/Al/poliester cu pulb. pt. sol. orala - 30 luni-dupa ambalarea pt. comercializare;dupa reconstituire-se
utilizeaza imediat",OTC,A06AB58
CITRAFLEET,COMBINATII,PULB. PT. SOL. ORALA,,"LABORATORIOS CASEN-FLEET.
S.L.U. - SPANIA","Cutie cu 50 plicuri unidoza PE/Al/poliester cu pulb. pt. sol. orala - 30 luni-dupa ambalarea pt. comercializare;dupa reconstituire-se
utilizeaza imediat",OTC,A06AB58
CITRAFLEET,COMBINATII,PULB. PT. SOL. ORALA,,"LABORATORIOS CASEN-FLEET.
S.L.U. - SPANIA","Cutie cu 100 plicuri unidoza PE/Al/poliester cu pulb. pt. sol. orala - 30 luni-dupa ambalarea pt. comercializare;dupa reconstituire-se
utilizeaza imediat",OTC,A06AB58
CITRAFLEET,COMBINATII,PULB. PT. SOL. ORALA,,"LABORATORIOS CASEN-FLEET.
S.L.U. - SPANIA","Cutie cu 200 plicuri unidoza PE/Al/poliester cu pulb. pt. sol. orala - 30 luni-dupa ambalarea pt. comercializare;dupa reconstituire-se
utilizeaza imediat",OTC,A06AB58
CITRAFLEET,COMBINATII,PULB. PT. SOL. ORALA,,"LABORATORIOS CASEN-FLEET.
S.L.U. - SPANIA","Cutie cu 500 plicuri unidoza PE/Al/poliester cu pulb. pt. sol. orala - 30 luni-dupa ambalarea pt. comercializare;dupa reconstituire-se
utilizeaza imediat",OTC,A06AB58
CITRAFLEET,COMBINATII,PULB. PT. SOL. ORALA,,"LABORATORIOS CASEN-FLEET.
S.L.U. - SPANIA","Cutie cu 1000 plicuri unidoza PE/Al/poliester cu pulb. pt. sol. orala - 30 luni-dupa ambalarea pt.
comercializare;dupa reconstituire-se",OTC,A06AB58
Denumirea comerciala,DCI,Forma,Conc,Firma / Tara detinatoare,Ambalaj,Pres.,ATC
Denumirea comerciala,DCI,Forma,Conc,Firma / Tara detinatoare,utilizeaza imediat,,
Denumirea comerciala,DCI,Forma,Conc,Firma / Tara detinatoare,"Cutie cu 50 plicuri unidoza PE/Al/poliester cu pulb. pt. sol. orala (ambalaj de uz spitalicesc) - 30
luni-dupa ambalarea pt.
comercializare;dupa reconstituire-se utilizeaza imediat",OTC,A06AB58
CITROLIN,DIVERSE,APA DE GURA,,"PHARCO IMPEX 93 S.R.L. -
ROMANIA","Cutie x 1 flacon din polietilentereftalat
x 120 ml - 2 ani",OTC,A01AD11
CLAFEN 10 mg/gram,DICLOFENACUM,CREMA,10mg/gram,ANTIBIOTICE S.A. - ROMANIA,Cutie cu 1 tub Al x 20 g crema - 3 ani,OTC,M02AA15
CLAFEN 10 mg/gram,DICLOFENACUM,CREMA,10mg/gram,ANTIBIOTICE S.A. - ROMANIA,Cutie cu 1 tub Al x 40 g crema - 3 ani,OTC,M02AA15
CLAFEN 10 mg/gram,DICLOFENACUM,GEL,,ANTIBIOTICE S.A. - ROMANIA,Cutie cu 1 tub Al x 40 g gel - 2 ani,OTC,M02AA15
CLAFEN 50 mg/gram,DICLOFENACUM,GEL,50mg/gram,ANTIBIOTICE S.A. - ROMANIA,Cutie cu 1 tub Al x 25 g - 3 ani,OTC,M02AA15
CLAFEN 50 mg/gram,DICLOFENACUM,GEL,50mg/gram,ANTIBIOTICE S.A. - ROMANIA,Cutie cu 1 tub Al x 45 g - 3 ani,OTC,M02AA15
CLARITINE 10 mg,LORATADINUM,COMPR.,10mg,"MERCK SHARP & DOHME
ROMANIA S.R.L. - ROMANIA","Cutie x 1 blist. PVC/Al x 10 compr. - 3
ani",OTC,R06AX13
CLAVUSIN,ACIDUM SALICYILICUM,SOL. CUT.,,MEDUMAN VISEU SA - ROMANIA,Cutie x 1 flacon x 10 ml - 2 ani,OTC,D11AFN1
"CLORCHINALDOL ARENA 100 mg
(vezi A07AXN1)",CHLORQUINALDOLUM,DRAJ.,100mg,ARENA GROUP S.A. - ROMANIA,"Cutie cu 1 blist. PVC/Al x 10 draj. - 3
ani",OTC,P01AA04
"CLORCHINALDOL ARENA 100 mg
(vezi A07AXN1)",CHLORQUINALDOLUM,DRAJ.,100mg,ARENA GROUP S.A. - ROMANIA,"Cutie cu 3 blist. PVC/Al x 10 draj. - 3
ani",OTC,P01AA04
"CLORCHINALDOL ARENA 100 mg
(vezi A07AXN1)",CHLORQUINALDOLUM,DRAJ.,100mg,ARENA GROUP S.A. - ROMANIA,"Cutie cu 100 blist. PVC/Al x 10 draj. -
3 ani",OTC,P01AA04
"CLORCHINALDOL ARENA 100 mg
(vezi P01AA04)",CHLORQUINALDOLUM,DRAJ.,,ARENA GROUP S.A. - ROMANIA,"Cutie cu 1 blist. PVC/Al x 10 draj. - 3
ani",OTC,A07AXN1
"CLORCHINALDOL ARENA 100 mg
(vezi P01AA04)",CHLORQUINALDOLUM,DRAJ.,,ARENA GROUP S.A. - ROMANIA,"Cutie cu 3 blist. PVC/Al x 10 draj. - 3
ani",OTC,A07AXN1
"CLORCHINALDOL ARENA 100 mg
(vezi P01AA04)",CHLORQUINALDOLUM,DRAJ.,,ARENA GROUP S.A. - ROMANIA,"Cutie cu 100 blist. PVC/Al x 10 draj. -
3 ani",OTC,A07AXN1
CLOROCALCIN®,CALCII CHLORIDUM,"PICATURI
ORALE-SOL.",12.20%,BIOFARM SA - ROMANIA,"Cutie x 1 flacon din sticla bruna.
prevazut cu picurator x 50 ml - 2 ani",OTC,A12AA07
CLORURA DE SODIU 9 mg/ml,NATRII CHLORIDUM,SOL INJ.,9mg/ml,B. BRAUN MELSUNGEN AG - GERMANIA,"Cutie cu 20 fiole PEJD x 5 ml sol. inj. - 3 ani-dupa ambalarea pt. comercializare;dupa prima
deschidere-se utilizeaza imediat",OTC,V07AB
CLORURA DE SODIU 9 mg/ml,NATRII CHLORIDUM,SOL INJ.,9mg/ml,B. BRAUN MELSUNGEN AG - GERMANIA,"Cutie cu 20 fiole PEJD x 10 ml sol. inj.
- 3 ani-dupa ambalarea pt. comercializare;dupa prima deschidere-se utilizeaza imediat",OTC,V07AB
Denumirea comerciala,DCI,Forma,Conc,Firma / Tara detinatoare,Ambalaj,Pres.,ATC
Denumirea comerciala,DCI,Forma,Conc,Firma / Tara detinatoare,"Cutie cu 20 fiole PEJD x 20 ml sol. inj.
- 3 ani-dupa ambalarea pt. comercializare;dupa prima deschidere-se utilizeaza imediat",OTC,V07AB
CLOTRIMAZOL,CLOTRIMAZOLUM,CREMA,1%,SLAVIA PHARM SRL - ROMANIA,Cutie x 1 tub x 20 g - 3 ani,OTC,D01AC01
CLOTRIMAZOL,CLOTRIMAZOLUM,SOL. CUT.,10mg/g,BIOFARM SA - ROMANIA,"Cutie x 1 flac. din sticla bruna x 25 g
sol. cutanata - 3 ani",OTC,D01AC01
CLOTRIMAZOL  ZENTIVA 100 mg,CLOTRIMAZOLUM,COMPR. VAG.,100mg,ZENTIVA S.A. - ROMANIA,"Cutie x 2 blist. PVC/Al x 6 compr. vag.
- 3 ani",OTC,G01AF02
CLOTRIMAZOL  ZENTIVA 100 mg,CLOTRIMAZOLUM,COMPR. VAG.,100mg,ZENTIVA S.A. - ROMANIA,"Cutie x 1 blist. PVC/Al  x 6 compr.
vag. - 3 ani",OTC,G01AF02
CLOTRIMAZOL ATB 10 mg/g,CLOTRIMAZOLUM,CREMA,10mg/g,ANTIBIOTICE SA - ROMANIA,Cutie cu 1 tub Al x 15 g - 2 ani,OTC,D01AC01
CLOTRIMAZOL ATB 10 mg/g,CLOTRIMAZOLUM,CREMA,10mg/g,ANTIBIOTICE SA - ROMANIA,Cutie cu 1 tub Al x 35 g - 2 ani,OTC,D01AC01
CLOTRIMAZOL HYPERION,CLOTRIMAZOLUM,CREMA,,HYPERION SA - ROMANIA,"Cutie x 1 tub din Al x 20 g crema - 3
ani",OTC,D01AC01
CLOTRIMAZOL MCC 100 mg,CLOTRIMAZOLUM,COMPR. VAG.,100mg,MAGISTRA C & C SRL - ROMANIA,"Cutie x 2 blist. Al/PVC x 6 compr. vag.
- 2 ani",OTC,G01AF02
CLOTRIMAZOL MK,CLOTRIMAZOLUM,CREMA,1%,FITERMAN PHARMA S.R.L. - ROMANIA,Cutie x 1 tub Al x 35 g - 3 ani,OTC,D01AC01
CLOTRIMAZOL MK,CLOTRIMAZOLUM,CREMA,1%,FITERMAN PHARMA S.R.L. - ROMANIA,Cutie x 1 tub Al x 20 g - 3 ani,OTC,D01AC01
"CLOTRIMAZOL ROMPHARM
10mg/ml",CLOTRIMAZOLUM,SPRAY CUTANAT SOL.,10mg/ml,ROMPHARM COMPANY SRL - ROMANIA,"Cutie x 1 flac. PEID alb x 20 ml spray
cutanat solutie. prevazut cu pompa de pulverizare - 3 ani",OTC,D01AC01
COCCULINE,HOMEOPATE,COMPR.,,LAB. BOIRON - FRANTA,"Cutie x 3 blist. Al-PVC x 10 compr. - 5
ani",OTC,XRNIT
CODAMIN P,COMBINATII,COMPR.,,TERAPIA SA - ROMANIA,"Cutie x 2 blist. Al/PVC x 10 compr. -
18 luni",OTC,N02BE51
COLDREX  LEMON,COMBINATII,PULB. PT. SUSP. ORALA,,GLAXOSMITHKLINE CONSUMER HEALTHCARE - MAREA BRITANIE,"Cutie x 5 plicuri x 5 g pulb. pt. susp.
orala - 3 ani",OTC,N02BE51
COLDREX  LEMON,COMBINATII,PULB. PT. SUSP. ORALA,,GLAXOSMITHKLINE CONSUMER HEALTHCARE - MAREA BRITANIE,"Cutie x 10 plicuri x 5 g pulb. pt. susp.
orala - 3 ani",OTC,N02BE51
COLDREX COMPRIMATE FILMATE,COMBINATII,COMPR. FILM.,,GLAXOSMITHKLINE CONSUMER HEALTHCARE - MAREA BRITANIE,"Cutie x 1 blist. Al/PVC X 8 compr. film.
- 3 ani",OTC,N02BE51
COLDREX COMPRIMATE FILMATE,COMBINATII,COMPR. FILM.,,GLAXOSMITHKLINE CONSUMER HEALTHCARE - MAREA BRITANIE,"Cutie x 2 blist. Al/PVC X 8 compr. film.
- 3 ani",OTC,N02BE51
COLDREX COMPRIMATE FILMATE,COMBINATII,COMPR. FILM.,,GLAXOSMITHKLINE CONSUMER HEALTHCARE - MAREA BRITANIE,"Cutie x 3 blist. Al/PVC X 8 compr. film.
- 3 ani",OTC,N02BE51
COLDREX COMPRIMATE FILMATE,COMBINATII,COMPR. FILM.,,GLAXOSMITHKLINE CONSUMER HEALTHCARE - MAREA BRITANIE,"Cutie x 4 blist. Al/PVC X 8 compr. film.
- 3 ani",OTC,N02BE51
COLDREX COMPRIMATE FILMATE,COMBINATII,COMPR. FILM.,,GLAXOSMITHKLINE CONSUMER HEALTHCARE - MAREA BRITANIE,Cutie x 6 blist. Al/PVC X 8 compr. film.,OTC,N02BE51
Denumirea comerciala,DCI,Forma,Conc,Firma / Tara detinatoare,Ambalaj,Pres.,ATC
Denumirea comerciala,DCI,Forma,Conc,Firma / Tara detinatoare,- 3 ani,,
COLDREX HONEY & LEMON,COMBINATII,PULB. PT. SUSP. ORALA,,GLAXOSMITHKLINE CONSUMER HEALTHCARE - MAREA BRITANIE,"Cutie x 5 plicuri hartie- PE-AL-PE x 5g
pulb. pt.susp.orala - 2 ani",OTC,N02BE51
COLDREX HONEY & LEMON,COMBINATII,PULB. PT. SUSP. ORALA,,GLAXOSMITHKLINE CONSUMER HEALTHCARE - MAREA BRITANIE,"Cutie x 10 plicuri hartie- PE-AL-PE x
5g pulb. pt.susp.orala - 2 ani",OTC,N02BE51
COLDREX JUNIOR  COMPRIMATE FILMATE,COMBINATII,COMPR. FILM.,250mg/100mg/ 5mg,GLAXOSMITHKLINE CONSUMER HEALTHCARE - MAREA BRITANIE,"Cutie x 1 blist. PVC-LDPE-PVDC/Al x
8 compr. film. - 3 ani",OTC,N02BE51
COLDREX JUNIOR  COMPRIMATE FILMATE,COMBINATII,COMPR. FILM.,250mg/100mg/ 5mg,GLAXOSMITHKLINE CONSUMER HEALTHCARE - MAREA BRITANIE,"Cutie x 2 blist. PVC-LDPE-PVDC/Al x
8 compr. film. - 3 ani",OTC,N02BE51
COLDREX JUNIOR HOTREM,COMBINATII,PULB. PT. SUSP. ORALA,,GLAXOSMITHKLINE CONSUMER HEALTHCARE S.R.L. - ROMANIA,"Cutie x 5 plicuri x 3 g pulb. pt. susp.
orala - 3 ani",OTC,N02BE51
COLDREX JUNIOR HOTREM,COMBINATII,PULB. PT. SUSP. ORALA,,GLAXOSMITHKLINE CONSUMER HEALTHCARE S.R.L. - ROMANIA,"Cutie x 10 plicuri x 3 g pulb. pt. susp.
orala - 3 ani",OTC,N02BE51
COLDREX MAXGRIP LEMON,COMBINATII,PULB. PT. SUSP. ORALA,,GLAXOSMITHKLINE CONSUMER HEALTHCARE - MAREA BRITANIE,"Cutie x 5 plicuri x 6.427 g pulb. orala -
3 ani",OTC,N02BE51
COLDREX MAXGRIP LEMON,COMBINATII,PULB. PT. SUSP. ORALA,,GLAXOSMITHKLINE CONSUMER HEALTHCARE - MAREA BRITANIE,"Cutie x 10 plicuri x 6.427 g pulb. orala
- 3 ani",OTC,N02BE51
COLDREX NITE,COMBINATII,SIROP,,GLAXOSMITHKLINE CONSUMER HEALTHCARE - MAREA BRITANIE,"Cutie x 1 flac. din sticla bruna x 160 ml
sirop +masura dozatoare PP - 3 ani",OTC,N02BE51
COLDREX NITE,COMBINATII,SIROP,,GLAXOSMITHKLINE CONSUMER HEALTHCARE - MAREA BRITANIE,"Cutie x 1 flacon din sticla bruna x 100
ml + masura dozatoare PP - 3 ani",OTC,N02BE51
COLEBIL,COMBINATII,DRAJ.,,BIOFARM SA - ROMANIA,Cutie x 2 blist. x 10 draj. - 2 ani,OTC,A05AAN1
COLGATE PERIOGARD 0.2%,CHLORHEXIDINUM,APA DE GURA,0.20%,GABA GMBH - GERMANIA,"Cutie x 1 flac. din PET x 300 ml sol.
bucofaringiana - 3 ani",OTC,A01AB03
CONTRACEPT-M 18.9 mg,BENZALKONII CHLORIDUM,OVULE,18.9mg,MAGISTRA C&C S.R.L. - ROMANIA,"Cutie cu 2 folii termosudate din
PVC/PE x 5 ovule - 2 ani",OTC,G02BBN2
CONTRACTUBEX,COMBINATII,GEL,,MERZ PHARMACEUTICALS GMBH - GERMANIA,Cutie x 1 tub din Al x 20 g gel - 4 ani,OTC,C05BA53
CONTRACTUBEX,COMBINATII,GEL,,MERZ PHARMACEUTICALS GMBH - GERMANIA,Cutie x 1 tub din Al x 50 g gel - 4 ani,OTC,C05BA53
CONTROLOC CONTROL,PANTOPRAZOLUM,COMPR. GASTROREZ.,20mg,NYCOMED GMBH - GERMANIA,"Cutie x blist. Al/Al x 7comp.gstrorez. -
3 ani",OTC,A02BC02
CONTROLOC CONTROL,PANTOPRAZOLUM,COMPR. GASTROREZ.,20mg,NYCOMED GMBH - GERMANIA,"Cutie x blist. Al/Al x 14 comp.
gastrorez. - 3 ani",OTC,A02BC02
CONTROLOC CONTROL,PANTOPRAZOLUM,COMPR. GASTROREZ.,20mg,NYCOMED GMBH - GERMANIA,"Cutie x blist.  Al/Al cu suport carton x 7
comp. gastrorez. - 3 ani",OTC,A02BC02
CONTROLOC CONTROL,PANTOPRAZOLUM,COMPR. GASTROREZ.,20mg,NYCOMED GMBH - GERMANIA,"Cutie x blist. Al/Al cu suport carton x
14 comp. gastrorez. - 3 ani",OTC,A02BC02
CORNEREGEL®,DEXPANTHENOLUM,GEL OFT.,5%,"DR. GERHARD MANN
CHEM-PHARM. FABRIK GMBH -","Cutie x 1 tub Al. prevazut cu aplicator
x 5 g - 2 ani",OTC,S01XA12
Denumirea comerciala,DCI,Forma,Conc,Firma / Tara detinatoare,Ambalaj,Pres.,ATC
Denumirea comerciala,DCI,Forma,Conc,Firma / Tara detinatoare,,,
Denumirea comerciala,DCI,Forma,Conc,Firma / Tara detinatoare,"Cutie x 1 tub Al. prevazut cu aplicator
x 10 g - 2 ani",OTC,S01XA12
CORSODYL MINT MOUTHWASH,CHLORHEXIDINUM,APA DE GURA,0.2g/100ml,GLAXOSMITHKLINE CONSUMER HEALTHCARE - MAREA BRITANIE,"Flacon din  PE tereftalat x 300 ml marcat  in interior cu o linie pentru
masurarea volumului de 10 ml - 3 ani",OTC,A01AB03
CORYZALIA,HOMEOPATE,DRAJ.,,LAB. BOIRON - FRANTA,"Cutie x 2 blist. Al/PVC x 20 draj. - 5
ani",OTC,XRNIT
CROMALLERG 0.5 mg/40 mg/ ml,COMBINATII,PIC. OFT.. SOL,0.5mg/40mg/ml,ROMPHARM COMPANY S.R.L. - ROMANIA,"Cutie cu 1 flac. PEJD cu aplicator pt. picurare PEJD x 10 ml pic. oft.. sol. - 2
ani",OTC,S01GA52
CYCLO 3 FORT,COMBINATII,CAPS.,,PIERRE FABRE MEDICAMENT - FRANTA,"Cutie x 3 blist.
PVC-clorotrifluoretilen/Al x 10 caps. - 2 ani",OTC,C05CXN1
CYNARIX,PLANTE,DRAJ.,55mg,PHARMAZEUTISHCE FABRIK MONTAVIT GMBH - AUSTRIA,"Cutie x 2 blist. PVC-PVDC/Al x 12
drajeuri - 5 ani",OTC,A05AXN1
CYNARIX,PLANTE,DRAJ.,55mg,PHARMAZEUTISHCE FABRIK MONTAVIT GMBH - AUSTRIA,"Cutie x 5 blist. PVC-PVDC/Al x 12
drajeuri - 5 ani",OTC,A05AXN1
DALERON,PARACETAMOLUM,COMPR.,500mg,KRKA D.D. - SLOVENIA,"Cutie x 2 blist. Al/PVC x 6 compr. - 5
ani",OTC,N02BE01
DALERON COLD3®,COMBINATII,COMPR. FILM.,,KRKA D.D. - SLOVENIA,"Cutie x 1 blist. Al/PVC-PVDC x 12
compr film. - 4 ani",OTC,N02BE51
DALERON COLD3®,COMBINATII,COMPR. FILM.,,KRKA D.D. - SLOVENIA,"Cutie x 2 blist. Al/PVC-PVDC x 12
compr film. - 4 ani",OTC,N02BE51
DALERON®,PARACETAMOLUM,SUSP. ORALA,120mg/5ml,KRKA D.D. - SLOVENIA,"Cutie x 1 flacon din sticla de culoare bruna x 100 ml + 1 seringa pt. adm.
orala - 2 ani",OTC,N02BE01
DALERON® C,COMBINATII,"GRAN. PT. SOL.
ORALA",,KRKA D.D. - SLOVENIA,"Cutie x 10 plicuri hartie/Al-PE x 5 g
pulb. - 3 ani",OTC,N02BE51
DALERON® C JUNIOR,COMBINATII,"GRAN. PT. SOL.
ORALA",,KRKA D.D. - SLOVENIA,Cutie x 10 plicuri-Al/PE x 5 g - 3 ani,OTC,N02BE51
DEEP HEAT RUB,COMBINATII,CREMA,"12.8g/5.91g/1.9
7g/1.47g",THE WELLCOME FOUNDATION LTD. - MAREA BRITANIE,Cutie x 1 tub din Al x 15g crema - 3ani,OTC,M02ACN2
DEEP HEAT RUB,COMBINATII,CREMA,"12.8g/5.91g/1.9
7g/1.47g",THE WELLCOME FOUNDATION LTD. - MAREA BRITANIE,Cutie x 1 tub din Al x 35g crema - 3ani,OTC,M02ACN2
DEEP HEAT RUB,COMBINATII,CREMA,"12.8g/5.91g/1.9
7g/1.47g",THE WELLCOME FOUNDATION LTD. - MAREA BRITANIE,Cutie x 1 tub din Al x 67g crema - 3ani,OTC,M02ACN2
DEEP HEAT RUB,COMBINATII,CREMA,"12.8g/5.91g/1.9
7g/1.47g",THE WELLCOME FOUNDATION LTD. - MAREA BRITANIE,"Cutie x 1 tub din Al x 100g crema -
3ani",OTC,M02ACN2
DEEP RELIEF 50 mg/ 30 mg pe gram,COMBINATII,GEL,50mg/30mg/g,THE MENTOLATUM COMPANY LIMITED - MAREA BRITANIE,"Cutie x 1 tub Al inchis cu capac PEID
x 15g gel - 3 ani",OTC,M02AX10
DEEP RELIEF 50 mg/ 30 mg pe gram,COMBINATII,GEL,50mg/30mg/g,THE MENTOLATUM COMPANY LIMITED - MAREA BRITANIE,Cutie x 1 tub Al inchis cu capac PEID,OTC,M02AX10
Denumirea comerciala,DCI,Forma,Conc,Firma / Tara detinatoare,Ambalaj,Pres.,ATC
Denumirea comerciala,DCI,Forma,Conc,Firma / Tara detinatoare,x 30g gel - 3 ani,,
Denumirea comerciala,DCI,Forma,Conc,Firma / Tara detinatoare,"Cutie x 1 tub Al inchis cu capac PEID
x 50g gel - 3 ani",OTC,M02AX10
Denumirea comerciala,DCI,Forma,Conc,Firma / Tara detinatoare,"Cutie x 1 tub Al inchis cu capac PEID
x 100g gel - 3 ani",OTC,M02AX10
DEFEBRYL 500 mg,PARACETAMOLUM,COMPR.,500mg,BIO EEL SRL - ROMANIA,"Cutie x 2 blist. Al/PVC x 10 compr. - 2
ani",OTC,N02BE01
DENTINOX® - GEL N,DIVERSE,GEL GINGIVAL,,"DENTINOX GESELLSCHAFT FUR PH. PRÁP. LENK&SCHUPPAN -
GERMANIA",Cutie x 1 tub din Al. x 10 g - 5 ani; Dupa prima deschidere: 1 an,OTC,A01AD11
DERMATIN,CLOTRIMAZOLUM,PULB. CUT.,1%,"PHARCO IMPEX 93 S.R.L. -
ROMANIA",Cutie x 1 flac. x 10 g - 3 ani,OTC,D01AC01
DERMATIN,CLOTRIMAZOLUM,SOL. CUT.,,"PHARCO IMPEX 93 S.R.L. -
ROMANIA","Cutie x 1 flacon x 20 ml + picator - 3
ani",OTC,D01AC01
DERMAZIN® 1%,SULFADIAZINUM,CREMA,,"LEK PHARMACEUTICALS D.D. -
SLOVENIA",Cutie x 1 tub x 50 g - 3 ani,OTC,D06BA01
DERMOBACTER,COMBINATII,SOL. CUT.,,LAB. INNOTECH INT. - FRANTA,Cutie x 1 flacon PVC x 125 ml - 2 ani,OTC,D08AC52
DERMOBACTER,COMBINATII,SOL. CUT.,,LAB. INNOTECH INT. - FRANTA,Cutie x 1 flacon PVC x 300 ml - 2 ani,OTC,D08AC52
DERMODRIN,DIFENHIDRAMINUM,UNGUENT,20mg/g,PHARMAZEUTISHCE FABRIK MONTAVIT GMBH - AUSTRIA,"Cutie x 1 tub din Al x 20 g unguent - 5
ani",OTC,D04AA32
DERMODRIN,DIFENHIDRAMINUM,UNGUENT,20mg/g,PHARMAZEUTISHCE FABRIK MONTAVIT GMBH - AUSTRIA,"Cutie x 1 tub din Al x 50 g unguent - 5
ani",OTC,D04AA32
DERMODRIN,DIFENHIDRAMINUM,UNGUENT,20mg/g,PHARMAZEUTISHCE FABRIK MONTAVIT GMBH - AUSTRIA,"Cutie x 1 tub din Al x 100 g unguent -
5 ani",OTC/S,D04AA32
DETTOLMED 0.2%,BENZALKONII CHLORIDUM,"SPRAY
CUTANAT. SOL.",0.20%,"RECKITT BENCKISER (UK)
LIMITED - MAREA BRITANIE","Flac. PEID x 100 ml spray cutanat.
sol. - 2 ani",OTC,D08AJ01
DICARBOCALM,COMBINATII,COMPR. MAST.,,ZENTIVA S.A. - ROMANIA,"Cutie cu 2 blistere PVC/Al a câte 10
comprimate masticabile - 3 ani",OTC,A02AD01
DICARBOCALM,COMBINATII,COMPR. MAST.,,ZENTIVA S.A. - ROMANIA,"Cutie cu 3 blistere PVC/Al a câte 10
comprimate masticabile - 3 ani",OTC,A02AD01
DICARBOCALM CONTROL 20 mg,PANTOPRAZOLUM,COMPR. GASTROREZ.,20 mg,ZENTIVA S.A. - ROMANIA,"Cutie cu blist. OPA - Al PVC/Al a cate
7 compr. gastrorez. - 4 ani",OTC,A02BC02
DICARBOCALM CONTROL 20 mg,PANTOPRAZOLUM,COMPR. GASTROREZ.,20 mg,ZENTIVA S.A. - ROMANIA,"Cutie cu blist. OPA - Al PVC/Al a cate
14 compr. gastrorez. - 4 ani",OTC,A02BC02
DICARBOCALM CONTROL 20 mg,PANTOPRAZOLUM,COMPR. GASTROREZ.,20 mg,ZENTIVA S.A. - ROMANIA,"Cutie cu 1 flacon PEID cu capac PP cu desicant a cate 7 compr. gastrorez.
- 3 ani",OTC,A02BC02
DICARBOCALM CONTROL 20 mg,PANTOPRAZOLUM,COMPR. GASTROREZ.,20 mg,ZENTIVA S.A. - ROMANIA,"Cutie cu 1 flacon PEID cu capac PP
cu desicant a cate 14 compr.",OTC,A02BC02
Denumirea comerciala,DCI,Forma,Conc,Firma / Tara detinatoare,Ambalaj,Pres.,ATC
Denumirea comerciala,DCI,Forma,Conc,Firma / Tara detinatoare,gastrorez. - 3 ani,,
DICARBOCALM N,COMBINATII,COMPR. MAST.,,ZENTIVA A.S. - SLOVACIA,"Cutie x 2 blist. PVC-PVDC/Al x 10
compr. mast. - 2 ani",OTC,A02AD01
DICARBOCALM N,COMBINATII,COMPR. MAST.,,ZENTIVA A.S. - SLOVACIA,"Cutie x 4blist. PVC-PVDC/Al x 10
compr. mast. - 2 ani",OTC,A02AD01
DICLAC 50 mg/g,DICLOFENACUM,GEL,50mg/g,HEXAL AG - GERMANIA,Cutie x 1 tub din AL x 50 g gel - 3 ani,OTC,M02AA15
DICLAC 50 mg/g,DICLOFENACUM,GEL,50mg/g,HEXAL AG - GERMANIA,Cutie x 1 tub din AL x 100 g gel - 3 ani,OTC,M02AA15
DICLAC® 1%,DICLOFENACUM,GEL,1%,HEXAL AG - GERMANIA,Cutie x 1 tub din Al x 50 g - 3 ani,OTC,M02AA15
DICLAC® 1%,DICLOFENACUM,GEL,1%,HEXAL AG - GERMANIA,Cutie x 1 tub din Al x 100 g - 3 ani,OTC,M02AA15
DICLOFENAC CHIRMIS,DICLOFENACUM,GEL,10mg/g,CHIRMIS FARMIMPEX - ROMANIA,Cutie x 1 tub din PE x 50 g gel - 2 ani,OTC,M02AA15
DICLOFENAC FITERMAN 10 mg/g,DICLOFENACUM,GEL,,FITERMAN PHARMA S.R.L. - ROMANIA,Cutie cu 1 tub Al x 25 g gel - 3 ani,OTC,M02AA15
DICLOFENAC FITERMAN 10 mg/g,DICLOFENACUM,GEL,,FITERMAN PHARMA S.R.L. - ROMANIA,Cutie cu 1 tub Al x 45 g gel - 3 ani,OTC,M02AA15
DICLOFENAC FITERMAN 10 mg/g,DICLOFENACUM,GEL,,FITERMAN PHARMA S.R.L. - ROMANIA,Cutie cu 1 tub Al x 100 g gel - 3 ani,OTC,M02AA15
DICLOFENAC FITERMAN 10mg/g,DICLOFENACUM,CREMA,,FITERMAN PHARMA S.R.L. - ROMANIA,Cutie x 1 tub x 35 g - 2 ani,OTC,M02AA15
DICLOFENAC FITERMAN 10mg/g,DICLOFENACUM,CREMA,,FITERMAN PHARMA S.R.L. - ROMANIA,Cutie x 1 tub x 50 g - 2 ani,OTC,M02AA15
DICLOFENAC FITERMAN 10mg/g,DICLOFENACUM,CREMA,,FITERMAN PHARMA S.R.L. - ROMANIA,Cutie x 1 tub x 20 g - 2 ani,OTC,M02AA15
DICLOFENAC FITERMAN 10mg/g,DICLOFENACUM,UNGUENT,,FITERMAN PHARMA S.R.L. - ROMANIA,Cutie x 1 tub Al x 20 g unguent - 3 ani,OTC,M02AA15
DICLOFENAC FITERMAN 10mg/g,DICLOFENACUM,UNGUENT,,FITERMAN PHARMA S.R.L. - ROMANIA,Cutie x 1 tub Al x 35 g unguent - 3 ani,OTC,M02AA15
DICLOFENAC FITERMAN 10mg/g,DICLOFENACUM,UNGUENT,,FITERMAN PHARMA S.R.L. - ROMANIA,Cutie x 1 tub Al x 50 g unguent - 3 ani,OTC,M02AA15
DICLOFENAC HYPERION 10mg/g,DICLOFENACUM,CREMA,,HYPERION S.A. - ROMANIA,"Cutie x 1 tub din Al x 25 g crema - 3
ani",OTC,M02AA15
DICLOFENAC MCC 10 mg/g,DICLOFENACUM,GEL,,MAGISTRA C&C SRL - ROMANIA,Cutie cu 1 tub din Al x 20 g gel - 2 ani,OTC,M02AA15
DICLOFENAC MCC 10 mg/g,DICLOFENACUM,GEL,,MAGISTRA C&C SRL - ROMANIA,Cutie cu 1 tub din Al x 40 g gel - 2 ani,OTC,M02AA15
DICLOFENAC MCC 50 mg/g,DICLOFENACUM,GEL,50mg/g,MAGISTRA C&C SRL - ROMANIA,Cutie cu 1 tub din Al x 20 g gel - 2 ani,OTC,M02AA15
DICLOFENAC MCC 50 mg/g,DICLOFENACUM,GEL,50mg/g,MAGISTRA C&C SRL - ROMANIA,Cutie cu 1 tub din Al x 40 g gel - 2 ani,OTC,M02AA15
DICLOFENAC OZONE 10 mg/g,DICLOFENACUM,GEL,10mg/g,"OZONE LABORATORIES PHARMA
S.A. - ROMANIA",Cutie cu 1 tub din Al x 45 g gel - 2 ani,OTC,M02AA15
DICLOFENAC TERAPIA 10 mg/g,DICLOFENACUM,CREMA,,TERAPIA S.A. - ROMANIA,"Cutie cu 1 tub din Al x 30 g crema - 2
ani",OTC,M02AA15
DICLOFENAC TERAPIA 10 mg/g,DICLOFENACUM,CREMA,,TERAPIA S.A. - ROMANIA,"Cutie cu 1 tub din Al x 50 g crema - 2
ani",OTC,M02AA15
DICLOFENAC TERAPIA 10mg/g,DICLOFENACUM,GEL,,TERAPIA SA - ROMANIA,Cutie cu 1 tub din Al x 45 g gel - 2 ani,OTC,M02AA15
DICLOFENAC TERAPIA 50 mg/g,DICLOFENACUM,GEL,50mg/g,TERAPIA S.A. - ROMANIA,Cutie cu 1 tub din  Al x 25 g gel - 2 ani,OTC,M02AA15
DICLOFENAC TERAPIA 50 mg/g,DICLOFENACUM,GEL,50mg/g,TERAPIA S.A. - ROMANIA,Cutie cu 1 tub din  Al x 45 g gel - 2 ani,OTC,M02AA15
DICLOFENAC TIS 10 mg/g,DICLOFENACUM,GEL,10mg/g,TIS FARMACEUTIC S.A. -,Cutie cu 1 tub PEID x 50 g gel - 2 ani,OTC,M02AA15
Denumirea comerciala,DCI,Forma,Conc,Firma / Tara detinatoare,Ambalaj,Pres.,ATC
Denumirea comerciala,DCI,Forma,Conc,Firma / Tara detinatoare,,,
DICLOREUM,DICLOFENACUM,SPUMA CUT.,30mg/g,"ALFA WASSERMANN S.P.A. -
ITALIA","Cutie x 1 flac. presurizat din Al cu 46.5
g spuma cutanata - 2 ani",OTC,M02AA15
DICLOSAL 10 mg/g,DICLOFENACUM,CREMA,10mg/g,SLAVIA PHARM S.R.L. - ROMANIA,Cutie cu 1 tub Al x 30 g crema - 2 ani,OTC,M02AA15
DICLOSAL 10 mg/g,DICLOFENACUM,CREMA,10mg/g,SLAVIA PHARM S.R.L. - ROMANIA,Cutie cu 1 tub Al x 50 g crema - 2 ani,OTC,M02AA15
DICLOSAL 10mg/g,DICLOFENACUM,GEL,,SLAVIA PHARM S.R.L. - ROMANIA,Cutie cu 1 tub din Al x 25 g gel - 3 ani,OTC,M02AA15
DICLOSAL 10mg/g,DICLOFENACUM,GEL,,SLAVIA PHARM S.R.L. - ROMANIA,Cutie cu 1 tub din Al x 45 g gel - 3 ani,OTC,M02AA15
DICLOSAL 50 mg/g,DICLOFENACUM,GEL,50mg/g,SLAVIA PHARM S.R.L. - ROMANIA,Cutie cu 1 tub Al x 25 g gel - 3 ani,OTC,M02AA15
DICLOSAL 50 mg/g,DICLOFENACUM,GEL,50mg/g,SLAVIA PHARM S.R.L. - ROMANIA,Cutie cu 1 tub Al x 45 g gel - 3 ani,OTC,M02AA15
DICLOSIN 10mg/g,DICLOFENACUM,GEL,10mg/g,SINTOFARM SA - ROMANIA,Cutie x 1 tub din Al x 25 g - 2 ani,OTC,M02AA15
DICLOSIN 10mg/g,DICLOFENACUM,GEL,10mg/g,SINTOFARM SA - ROMANIA,Cutie x 1 tub din Al x 40 g - 2 ani,OTC,M02AA15
DICLOSIN 50mg/g,DICLOFENACUM,GEL,50mg/g,SINTOFARM SA - ROMANIA,Cutie x 1 tub din Al x 25 g - 2 ani,OTC,M02AA15
DICLOSIN 50mg/g,DICLOFENACUM,GEL,50mg/g,SINTOFARM SA - ROMANIA,Cutie x 1 tub din Al x 40 g - 2 ani,OTC,M02AA15
DIFLEX  50mg/g,DICLOFENACUM,GEL,5%,FITERMAN PHARMA S.R.L. - ROMANIA,"Cutie x 1 tub din Al. acoperit in interior
cu un lac epoxifenolic x 25 g gel - 2 ani",OTC,M02AA15
DIFLEX  50mg/g,DICLOFENACUM,GEL,5%,FITERMAN PHARMA S.R.L. - ROMANIA,"Cutie x 1 tub din Al. acoperit in interior
cu un lac epoxifenolic x 45 g gel - 2 ani",OTC,M02AA15
DIFLEX  50mg/g,DICLOFENACUM,GEL,5%,FITERMAN PHARMA S.R.L. - ROMANIA,"Cutie x 1 tub din Al. acoperit in interior cu un lac epoxifenolic x 100 g gel - 2
ani",OTC,M02AA15
DIFLEX  50mg/g,DICLOFENACUM,GEL,5%,FITERMAN PHARMA S.R.L. - ROMANIA,"Cutie x 1 tub laminat multistratificat. acoperit in interior strat din PEID x 45
g gel - 2 ani",OTC,M02AA15
DIFLEX  50mg/g,DICLOFENACUM,GEL,5%,FITERMAN PHARMA S.R.L. - ROMANIA,"Cutie x 1 tub laminat multistratificat. acoperit in interior strat din PEID x 100
g gel - 2 ani",OTC,M02AA15
DIFRAREL E,PLANTE,DRAJ.,50mg/50mg,LAB. LEURQUIN MEDIOLANUM - FRANTA,"Cutie x 1 blist. PVC/PVDC-Al x 12
drajeuri - 3 ani",OTC,C05CXN2
DIFRAREL E,PLANTE,DRAJ.,50mg/50mg,LAB. LEURQUIN MEDIOLANUM - FRANTA,"Cutie x 2 blist. PVC/PVDC-Al x 12
drajeuri - 3 ani",OTC,C05CXN2
DIFRAREL® 100,PLANTE,DRAJ.,100mg,"LAB. LEURQUIN MEDIOLAN -
FRANTA","Cutie x 2 blist. PVC-PVDC/Al x 10
draj. - 3 ani",OTC,C05CXN2
DIPIRIDAMOL ZENTIVA 25 mg,DIPYRIDAMOLUM,COMPR. FILM.,25mg,ZENTIVA S.A. - ROMANIA,"Cutie x 3 blist. Al/PVC x 10 compr.
film. - 2 ani",OTC,B01AC07
DRILL,COMBINATII,PASTILE,,"PIERRE FABRE MEDICAMENT -
FRANTA","Cutie x 2 blist. PVC-PVDC/Al x 12
pastile - 4 ani",OTC,R02AA05
DRILL FARA ZAHAR,COMBINATII,PASTILE,,"PIERRE FABRE MEDICAMENT -
FRANTA","Cutie x 2 blist. PVC-PVDC/Al x 12
pastile - 3 ani",OTC,R02AA05
Denumirea comerciala,DCI,Forma,Conc,Firma / Tara detinatoare,Ambalaj,Pres.,ATC
"DRILL MIERE CU AROMA DE
TRANDAFIR",COMBINATII,PASTILE,,"PIERRE FABRE MEDICAMENT -
FRANTA","Cutie x 2 blist. PVC-PVDC/Al x 12
pastile - 3 ani",OTC,R02AA05
DULCOLAX 10 mg,BISACODYLUM,SUPOZ.,10mg,"BOEHRINGER INGELHEIM INTERNATIONAL GMBH -
GERMANIA",Cutie cu 1 folie termosudata Al-PE/PE-Al x 6 supoz. - 3 ani,OTC,C01AA05
DULCOLAX 5 mg,BISACODYLUM,DRAJ. GASTROREZ.,5mg,"BOEHRINGER INGELHEIM INTERNATIONAL GMBH -
GERMANIA",Cutie cu 3 blist. PVC-PVDC/Al x 10 draj. gastrorez. - 3 ani,OTC,A06AB02
DULCOPIC 7.5 mg/ml,NATRII PICOSULFAS,"PICATURI
ORALE. SOL.",7.5 mg/ml,"BOEHRINGER INGELHEIM INT.
GMBH - GERMANIA","Cutie x 1 flacon PEID transparent  x
15 ml pic. orale.sol. - 3 ani",OTC,A06AB08
DULSIFEB 24 mg/ml,PARACETAMOLUM,SOL. ORALA,24 mg/ml,ACTAVIS GROUP PTC EHF. - ISLANDA,"Cutie cu 1 flac. din sticla cu capac prevazut cu sist. inchidere securizat pt. copii (PP/PEJD) + 1 seringa dozatoare cu piston din PEID si rezervor din PP x 60 ml sol. orala - 2
ani",OTC,N02BE01
DULSIFEB 24 mg/ml,PARACETAMOLUM,SOL. ORALA,24 mg/ml,ACTAVIS GROUP PTC EHF. - ISLANDA,"Cutie cu 1 flac. din sticla cu capac prevazut cu sist. inchidere securizat pt. copii (PP/PEJD) + 1 seringa dozatoare cu piston din PEID si rezervor din PP x 100 ml sol. orala - 2
ani",OTC,N02BE01
DULSIFEB 24 mg/ml,PARACETAMOLUM,SOL. ORALA,24 mg/ml,ACTAVIS GROUP PTC EHF. - ISLANDA,"Cutie cu 1 flac. din sticla cu capac prevazut cu sist. inchidere securizat pt. copii (PP/PEJD) + 1 seringa dozatoare cu piston din PEID si rezervor din PP x 120 ml sol. orala - 2
ani",OTC,N02BE01
DULSIFEB 24 mg/ml,PARACETAMOLUM,SOL. ORALA,24 mg/ml,ACTAVIS GROUP PTC EHF. - ISLANDA,"Cutie cu 1 flac. din sticla cu capac prevazut cu sist. inchidere securizat pt. copii (PP/PEJD) + 1 seringa dozatoare cu piston din PEID si rezervor din PP x 150 ml sol. orala - 2
ani",OTC,N02BE01
DULSIFEB 24 mg/ml,PARACETAMOLUM,SOL. ORALA,24 mg/ml,ACTAVIS GROUP PTC EHF. - ISLANDA,"Cutie cu 1 flac. din sticla cu capac prevazut cu sist. inchidere securizat pt. copii (PP/PEJD) + 1 seringa dozatoare cu piston din PEID si rezervor din PP x 200 ml sol. orala - 2
ani",OTC,N02BE01
Denumirea comerciala,DCI,Forma,Conc,Firma / Tara detinatoare,Ambalaj,Pres.,ATC
Denumirea comerciala,DCI,Forma,Conc,Firma / Tara detinatoare,"Cutie cu 1 flac. din sticla cu capac prevazut cu sist. inchidere securizat pt. copii (PP/PEJD) + 1 seringa dozatoare cu piston din PEID si rezervor din PP x 300 ml sol. orala - 2
ani",OTC,N02BE01
DULSIFEB 250 mg,PARACETAMOLUM,COMPR. ORODISPERSABI LE,250mg,ACTAVIS GROUP PTC EHF. - ISLANDA,Cutie cu blist. PVC/PVDC/Al-PE-hartie x 10 compr. orodispersabile - 3 ani,OTC,N02BE01
DULSIFEB 250 mg,PARACETAMOLUM,COMPR. ORODISPERSABI LE,250mg,ACTAVIS GROUP PTC EHF. - ISLANDA,"Cutie cu blist. PVC/PVDC/Al-PE-hartie
x 12 compr. orodispersabile - 3 ani",OTC,N02BE01
DULSIFEB 250 mg,PARACETAMOLUM,COMPR. ORODISPERSABI LE,250mg,ACTAVIS GROUP PTC EHF. - ISLANDA,"Cutie cu blist. PVC/PVDC/Al-PE-hartie
x 16 compr. orodispersabile - 3 ani",OTC,N02BE01
DULSIFEB 250 mg,PARACETAMOLUM,COMPR. ORODISPERSABI LE,250mg,ACTAVIS GROUP PTC EHF. - ISLANDA,"Cutie cu blist. PVC/PVDC/Al-PE-hartie
x 20 compr. orodispersabile - 3 ani",OTC,N02BE01
DULSIFEB 250 mg,PARACETAMOLUM,COMPR. ORODISPERSABI LE,250mg,ACTAVIS GROUP PTC EHF. - ISLANDA,"Cutie cu blist. PVC/PVDC/Al-PE-hartie
x 30 compr. orodispersabile - 3 ani",OTC,N02BE01
DULSIFEB 250 mg,PARACETAMOLUM,COMPR. ORODISPERSABI LE,250mg,ACTAVIS GROUP PTC EHF. - ISLANDA,"Cutie cu blist. PVC-Aclar/Al-PE-hartie
x 10 compr. orodispersabile - 3 ani",OTC,N02BE01
DULSIFEB 250 mg,PARACETAMOLUM,COMPR. ORODISPERSABI LE,250mg,ACTAVIS GROUP PTC EHF. - ISLANDA,"Cutie cu blist. PVC-Aclar/Al-PE-hartie
x 12 compr. orodispersabile - 3 ani",OTC,N02BE01
DULSIFEB 250 mg,PARACETAMOLUM,COMPR. ORODISPERSABI LE,250mg,ACTAVIS GROUP PTC EHF. - ISLANDA,"Cutie cu blist. PVC-Aclar/Al-PE-hartie
x 16 compr. orodispersabile - 3 ani",OTC,N02BE01
DULSIFEB 250 mg,PARACETAMOLUM,COMPR. ORODISPERSABI LE,250mg,ACTAVIS GROUP PTC EHF. - ISLANDA,"Cutie cu blist. PVC-Aclar/Al-PE-hartie
x 20 compr. orodispersabile - 3 ani",OTC,N02BE01
DULSIFEB 250 mg,PARACETAMOLUM,COMPR. ORODISPERSABI LE,250mg,ACTAVIS GROUP PTC EHF. - ISLANDA,"Cutie cu blist. PVC-Aclar/Al-PE-hartie
x 30 compr. orodispersabile - 3 ani",OTC,N02BE01
DUOFILM,COMBINATII,SOL. CUT.,,"GLAXOSMITHKLINE CONSUMER
HEALTHCARES.R.L. - ROMANIA","Cutie x 1 flacon din sticla bruna. cu
aplicator tip pensula x 15 ml - 3 ani",OTC,D11AFN2
DUPHALAC FRUIT 667 mg/ml,LACTULOSUM,SOL. ORALA,667mg/ml,ABBOTT PRODUCTS  GMBH - GERMANIA,"Cutie cu 1 flac. PEID x 200 ml sol.
orala - 3 ani",OTC,A06AD11
DUPHALAC FRUIT 667 mg/ml,LACTULOSUM,SOL. ORALA,667mg/ml,ABBOTT PRODUCTS  GMBH - GERMANIA,"Cutie cu 1 flac. PEID x 300 ml sol.
orala - 3 ani",OTC,A06AD11
DUPHALAC FRUIT 667 mg/ml,LACTULOSUM,SOL. ORALA,667mg/ml,ABBOTT PRODUCTS  GMBH - GERMANIA,"Cutie cu 1 flac. PEID x 500 ml sol.
orala - 3 ani",OTC,A06AD11
DUPHALAC FRUIT 667 mg/ml,LACTULOSUM,SOL. ORALA,667mg/ml,ABBOTT PRODUCTS  GMBH - GERMANIA,"Cutie cu 1 flac. PEID x 800 ml sol.
orala - 3 ani",OTC,A06AD11
DUPHALAC FRUIT 667 mg/ml,LACTULOSUM,SOL. ORALA,667mg/ml,ABBOTT PRODUCTS  GMBH - GERMANIA,"Cutie cu 1 flac. PEID x 1000 ml sol.
orala - 3 ani",OTC,A06AD11
DUPHALAC FRUIT 667 mg/ml,LACTULOSUM,SOL. ORALA,667mg/ml,ABBOTT PRODUCTS  GMBH - GERMANIA,Cutie cu 20 plicuri din poliester/Al/PE,OTC,A06AD11
Denumirea comerciala,DCI,Forma,Conc,Firma / Tara detinatoare,Ambalaj,Pres.,ATC
Denumirea comerciala,DCI,Forma,Conc,Firma / Tara detinatoare,a cate 15 ml sol. orala - 3 ani,,
ECHINACIN MADAUS  SIROP,PLANTE,SIROP,2.34g,MADAUS GMBH - GERMANIA,"Cutie x 1 flacon x 100 ml sirop +
lingurita dozatoare x 5 ml - 3 ani",OTC,L03AXN1
ECHINACIN MADAUS  SOLUTIE ORALA,PLANTE,SOL. ORALA,80%,MADAUS GMBH - GERMANIA,"Cutie x 1 flacon x 100 ml sol. orala +
masura dozatoare a 2.5 ml - 5 ani",OTC,L03AXN1
ECHINACIN MADAUS  SOLUTIE ORALA,PLANTE,SOL. ORALA,80%,MADAUS GMBH - GERMANIA,"Cutie x 2 flacon x 100 ml sol. orala +
masura dozatoare a 2.5 ml - 5 ani",OTC,L03AXN1
ECHINACIN MADAUS  SOLUTIE ORALA,PLANTE,SOL. ORALA,80%,MADAUS GMBH - GERMANIA,"Cutie x 1 flacon x 50 ml sol. orala +
masura dozatoare a 2.5 ml - 5 ani",OTC,L03AXN1
EFFERALGAN,PARACETAMOLUM,COMPR. EFF.,1000mg,"BRISTOL MYERS SQUIBB KFT -
UNGARIA",Cutie x 1 tub x 8 compr. eff. - 3 ani,OTC,N02BE01
EFFERALGAN 500 mg,PARACETAMOLUM,COMPR. EFF.,500mg,"BRISTOL-MYERS SQUIBB KFT -
UNGARIA","Cutie x 4 blist. PE/Al  x 4 compr. eff. -
3 ani",OTC,N02BE01
"EFFERALGAN PENTRU COPII 30
mg/ml",PARACETAMOLUM,SOL. ORALA,30 mg/ml,BRISTOL-MYERS SQUIBB KFT - UNGARIA,"Cutie x 1 flacon x 90 ml sol. orala + 1
lingurita dozatoare din polistiren. gradata - 3 ani",OTC,N02BE01
"EFFERALGAN PENTRU COPII 30
mg/ml",PARACETAMOLUM,SOL. ORALA,30 mg/ml,BRISTOL-MYERS SQUIBB KFT - UNGARIA,"Cutie x 1 flacon x 150 ml sol. orala + 1
lingurita dozatoare din polistiren. gradata - 3 ani",OTC,N02BE01
EFFERALGAN VITAMINE C,COMBINATII,COMPR. EFF.,,BRISTOL-MYERS SQUIBB KFT - UNGARIA,"Cutie x 2 tuburi din PP x 10 compr. eff.. inchise cu capac din PE continand deshidratant (silicagel) - 3
ani",OTC,N02BE51
EFFERALGAN VITAMINE C,COMBINATII,COMPR. EFF.,,BRISTOL-MYERS SQUIBB KFT - UNGARIA,"Cutie x 1 tub din PP x 10 compr. eff.. inchis cu capac din PE continand
deshidratant (silicagel) - 3 ani",OTC,N02BE51
EFISEN C 300 mg/30 mg,COMBINATII,COMPR.,300mg/30mg,"SOLACIUM PHARMA S.R.L. -
ROMANIA","Cutie cu 2 blist. Al/PVC x 6 compr. - 2
ani",OTC,N02BE51
EFISEN M 200 mg,IBUPROFENUM,COMPR. FILM.,200mg,"SOLACIUM PHARMA S.R.L. -
ROMANIA","Cutie cu 2 blist. PVC/Al x 6 compr. - 2
ani",OTC,M01AE01
EFISEN S 250 mg/150 mg/50 mg,COMBINATII,COMPR.,250mg/150mg/ 50mg,SOLACIUM PHARMA S.R.L. - ROMANIA,"Cutie cu 2 blist. Al/PVC x 6 compr. - 2
ani",OTC,N02BE51
EFISEN S 250 mg/150 mg/50 mg,COMBINATII,COMPR.,250mg/150mg/ 50mg,SOLACIUM PHARMA S.R.L. - ROMANIA,"Cutie cu 2 blist. Al/PVC x 10 compr. -
2 ani",OTC,N02BE51
ELEVIT,COMBINATII,COMPR. FILM.,,BAYER SRL ROMANIA - ROMANIA,"Cutie cu blist. PVC-PU-PVDC/Al x 30
compr. film. - 2 ani",OTC,A11AA03
ELEVIT,COMBINATII,COMPR. FILM.,,BAYER SRL ROMANIA - ROMANIA,"Cutie cu blist. PVC-PU-PVDC/Al x 100
compr. film. - 2 ani",OTC,A11AA03
ELEVIT PRONATAL,COMBINATII,COMPR. FILM.,,BAYER S.R.L. - ROMANIA,Cutie x 3 blist. PVC-PE-PVDC/Al x 10,OTC,A11JBN1
Denumirea comerciala,DCI,Forma,Conc,Firma / Tara detinatoare,Ambalaj,Pres.,ATC
Denumirea comerciala,DCI,Forma,Conc,Firma / Tara detinatoare,compr. film. - 2 ani,,
ENDOTELON® 150 mg,PLANTE,DRAJ. GASTROREZ.,150mg,"SANOFI - AVENTIS ROMANIA
S.R.L. - ROMANIA","Cutie x 2 blist. Al/PVC x 10 draj.
gastrorez. - 3 ani",OTC,C05CXN2
ENDOTELON® 150 mg,PLANTE,DRAJ. GASTROREZ.,150mg,"SANOFI - AVENTIS ROMANIA
S.R.L. - ROMANIA","Cutie x 1 blist. Al/PVC x 20 draj.
gastrorez. - 3 ani",OTC,C05CXN2
ENERION,SULBUTIAMINUM,DRAJ.,200mg,LES LABORATOIRES SERVIER - FRANTA,"Cutie x 2 blist. Al/PVC x 15 draj. - 3
ani",OTC,A11DA02
ENERION,SULBUTIAMINUM,DRAJ.,200mg,LES LABORATOIRES SERVIER - FRANTA,"Cutie x 4 blist. Al/PVC x 15 draj. - 3
ani",OTC,A11DA02
ENTERIUM 2 mg,LOPERAMIDUM,CAPS.,2 mg,SANIENCE S.R.L. - ROMANIA,"Cutie cu 1 blist. PVC/Al x 10 caps. - 2
ani",OTC,A07DA03
ENTEROL® 250,SACCHAROMYCES BOULARDII,CAPS.,250mg,BIOCODEX - FRANTA,Cutie x 1 flac. x 10 caps. - 3 ani,OTC,A07FA02
ENTEROL® 250,SACCHAROMYCES BOULARDII,"PULB. PT. SOL.
ORALA",,BIOCODEX - FRANTA,Cutie x 10 plicuri pulb. orala - 3 ani,OTC,A07FA02
EPICOGEL,COMBINATII,SUSP. ORALA,,E.I.P.I.CO. MED S.R.L. - ROMANIA,"Cutie x 1 flacon x 125ml + masura
dozatoare - 3 ani",OTC,A02AF02
ESCAPELLE 1.5 mg,LEVONORGESTRELUM,COMPR.,1.5mg,"GEDEON RICHTER PLC. -
UNGARIA","Cutie x 1 blist. Al/PVC x 1 compr. - 4
ani",OTC,G03AC03
ESPUMISAN,SIMETHICONUM,CAPS. MOI,40mg,BERLIN-CHEMIE AG (MENARINI GROUP) - GERMANIA,"Cutie x 1 blist. Al/PVC x 25 caps. moi -
3 ani",OTC,A03AX13
ESPUMISAN,SIMETHICONUM,CAPS. MOI,40mg,BERLIN-CHEMIE AG (MENARINI GROUP) - GERMANIA,"Cutie x 2 blist. Al/PVC x 25 caps. moi -
3 ani",OTC,A03AX13
ESPUMISAN,SIMETHICONUM,CAPS. MOI,40mg,BERLIN-CHEMIE AG (MENARINI GROUP) - GERMANIA,"Cutie x 4 blist. Al/PVC x 25 caps. moi -
3 ani",OTC/S,A03AX13
ESPUMISAN  L 40mg/ml,SIMETHICONUM,PIC. ORALE. EMULSIE,40mg/ml,BERLIN-CHEMIE AG (MENARINI GROUP) - GERMANIA,"Cutie x 1 flacon x 30 ml pic. orale.
emulsie - 3 ani",OTC,A03AX13
ESPUMISAN  L 40mg/ml,SIMETHICONUM,PIC. ORALE. EMULSIE,40mg/ml,BERLIN-CHEMIE AG (MENARINI GROUP) - GERMANIA,"Cutie x 1 flacon x 250 ml  pic. orale.
emulsie - 3 ani",OTC,A03AX13
ESPUMISAN 100 mg/ml,SIMETHICONUM,PIC. ORALE. EMULSIE,100mg/ml,BERLIN-CHEMIE AG (MENARINI GROUP) - GERMANIA,"Cutie cu 1 flac. din sticla bruna x 30 ml pic. orale. emulsie cu aplicator de
picurare + 1 masura dozatoare - 3 ani",OTC,A03AX13
ESPUMISAN 100 mg/ml,SIMETHICONUM,PIC. ORALE. EMULSIE,100mg/ml,BERLIN-CHEMIE AG (MENARINI GROUP) - GERMANIA,"Cutie cu 1 flac. din sticla bruna x 50 ml pic. orale. emulsie cu aplicator de
picurare + 1 masura dozatoare - 3 ani",OTC,A03AX13
ESSENTIALE FORTE  300 mg,COMBINATII,CAPS.,300mg,"SANOFI-AVENTIS ROMANIA
S.R.L. - ROMANIA","Cutie cu 3 blist.  PVC-PVDC/Al x 10
caps. - 2 ani",OTC,A05BA
EUCARBON,COMBINATII,COMPR.,,F.TRENKA CHEMISCH-PHARM. FABRIK GMBH - AUSTRIA,"Cutie x 1 blist. PVC/Al x 10 compr. - 5
ani",OTC,A06AB56
EUCARBON,COMBINATII,COMPR.,,F.TRENKA CHEMISCH-PHARM. FABRIK GMBH - AUSTRIA,"Cutie x 3 blist. PVC/Al x 10 compr. - 5
ani",OTC,A06AB56
Denumirea comerciala,DCI,Forma,Conc,Firma / Tara detinatoare,Ambalaj,Pres.,ATC
Denumirea comerciala,DCI,Forma,Conc,Firma / Tara detinatoare,"Cutie x 5 blist. PVC/Al x 10 compr. - 5
ani",OTC,A06AB56
Denumirea comerciala,DCI,Forma,Conc,Firma / Tara detinatoare,"Cutie x 10 blist. PVC/Al x 10 compr. -
5 ani",OTC,A06AB56
"EXCEDRINIL 250 mg/250 mg/65
mg",COMBINATII,COMPR. FILM.,250mg/250mg/ 65mg,NOVARTIS CONSUMER HEALTH GMBH - GERMANIA,"Cutie cu blist. opace pentru copii din PVC-PCTFE-PVC/Al x 10 compr. film.
- 3 ani",OTC,N02BA51
"EXCEDRINIL 250 mg/250 mg/65
mg",COMBINATII,COMPR. FILM.,250mg/250mg/ 65mg,NOVARTIS CONSUMER HEALTH GMBH - GERMANIA,"Cutie cu blist. opace pentru copii din PVC-PCTFE-PVC/Al x 16 compr. film.
- 3 ani",OTC,N02BA51
"EXCEDRINIL 250 mg/250 mg/65
mg",COMBINATII,COMPR. FILM.,250mg/250mg/ 65mg,NOVARTIS CONSUMER HEALTH GMBH - GERMANIA,"Cutie cu blist. opace pentru copii din PVC-PCTFE-PVC/Al x 20 compr. film.
- 3 ani",OTC,N02BA51
"EXCEDRINIL 250 mg/250 mg/65
mg",COMBINATII,COMPR. FILM.,250mg/250mg/ 65mg,NOVARTIS CONSUMER HEALTH GMBH - GERMANIA,"Cutie cu blist. opace pentru copii din PVC-PCTFE-PVC/Al x 32 compr. film.
- 3 ani",OTC,N02BA51
"EXCEDRINIL 250 mg/250 mg/65
mg",COMBINATII,COMPR. FILM.,250mg/250mg/ 65mg,NOVARTIS CONSUMER HEALTH GMBH - GERMANIA,"Cutie cu blist. transparente pentru
copii din PVC-PCTFE-PVC/Al x 10 compr. film. - 3 ani",OTC,N02BA51
"EXCEDRINIL 250 mg/250 mg/65
mg",COMBINATII,COMPR. FILM.,250mg/250mg/ 65mg,NOVARTIS CONSUMER HEALTH GMBH - GERMANIA,"Cutie cu blist. transparente pentru
copii din PVC-PCTFE-PVC/Al x 16 compr. film. - 3 ani",OTC,N02BA51
"EXCEDRINIL 250 mg/250 mg/65
mg",COMBINATII,COMPR. FILM.,250mg/250mg/ 65mg,NOVARTIS CONSUMER HEALTH GMBH - GERMANIA,"Cutie cu blist. transparente pentru copii din PVC-PCTFE-PVC/Al x 20
compr. film. - 3 ani",OTC,N02BA51
"EXCEDRINIL 250 mg/250 mg/65
mg",COMBINATII,COMPR. FILM.,250mg/250mg/ 65mg,NOVARTIS CONSUMER HEALTH GMBH - GERMANIA,"Cutie cu blist. transparente pentru copii din PVC-PCTFE-PVC/Al x 32
compr. film. - 3 ani",OTC,N02BA51
"EXCEDRINIL 250 mg/250 mg/65
mg",COMBINATII,COMPR. FILM.,250mg/250mg/ 65mg,NOVARTIS CONSUMER HEALTH GMBH - GERMANIA,"Cutie cu blist. opace  din
PVC-PCTFE-PVC/Al x 10 compr. film.
- 3 ani",OTC,N02BA51
"EXCEDRINIL 250 mg/250 mg/65
mg",COMBINATII,COMPR. FILM.,250mg/250mg/ 65mg,NOVARTIS CONSUMER HEALTH GMBH - GERMANIA,"Cutie cu blist. opace  din
PVC-PCTFE-PVC/Al x 16 compr. film.
- 3 ani",OTC,N02BA51
"EXCEDRINIL 250 mg/250 mg/65
mg",COMBINATII,COMPR. FILM.,250mg/250mg/ 65mg,NOVARTIS CONSUMER HEALTH GMBH - GERMANIA,"Cutie cu blist. opace  din
PVC-PCTFE-PVC/Al x 20 compr. film.
- 3 ani",OTC,N02BA51
"EXCEDRINIL 250 mg/250 mg/65
mg",COMBINATII,COMPR. FILM.,250mg/250mg/ 65mg,NOVARTIS CONSUMER HEALTH GMBH - GERMANIA,"Cutie cu blist. opace  din
PVC-PCTFE-PVC/Al x 32 compr. film.
- 3 ani",OTC,N02BA51
Denumirea comerciala,DCI,Forma,Conc,Firma / Tara detinatoare,Ambalaj,Pres.,ATC
Denumirea comerciala,DCI,Forma,Conc,Firma / Tara detinatoare,"Cutie cu blist. transparente  din
PVC-PCTFE-PVC/Al x 10 compr. film.
- 3 ani",OTC,N02BA51
Denumirea comerciala,DCI,Forma,Conc,Firma / Tara detinatoare,"Cutie cu blist. transparente  din
PVC-PCTFE-PVC/Al x 16 compr. film.
- 3 ani",OTC,N02BA51
Denumirea comerciala,DCI,Forma,Conc,Firma / Tara detinatoare,"Cutie cu blist. transparente  din
PVC-PCTFE-PVC/Al x 20 compr. film.
- 3 ani",OTC,N02BA51
Denumirea comerciala,DCI,Forma,Conc,Firma / Tara detinatoare,"Cutie cu blist. transparente  din
PVC-PCTFE-PVC/Al x 32 compr. film.
- 3 ani",OTC,N02BA51
EXIGAN 210 mg,"EXTRACT USCAT DE
VALERIANA",COMPR.,210mg,"GEDEON RICHTER ROMANIA SA -
ROMANIA","Cutie cu 2 blist. PVC-PVDC/Al x 10
compr. - 3 ani",OTC,N05CM09
EXODERIL 10 mg/g,NAFTIFINUM,CREMA,10mg/g,SANDOZ GMBH - AUSTRIA,"Cutie cu 1 tub din Al x 15 g crema - 5
ani",OTC,D01AE22
EXODERIL 10 mg/ml,NAFTIFINUM,SOL. CUT.,10mg/ml,SANDOZ GMBH - AUSTRIA,"Cutie cu 1 flac. din sticla bruna x 10 ml
sol. cutanata - 5 ani",OTC,D01AE22
FARAGEL FORTE,COMBINATII,GEL,,"FARAN LABORATORIES S.A. -
GRECIA",Cutie x 1 tub Al x 80 g - 3 ani,OTC,M02AX10
FARCOVIT B12,COMBINATII,CAPS. MOI,,"PHARCO IMPEX 93 S.R.L. -
ROMANIA","Cutie x 3 blist. Al/PVC x 10 caps. - 3
ani",OTC,A05BAN2
"FARINGO HOT DRINK 500 mg/200
mg/4 mg",COMBINATII,GRAN. SUSP. ORALA,500mg/200mg/ 4mg,TERAPIA S.A. - ROMANIA,"Cutie cu 6 plicuri din hartie/Al/PE x
13.1 g granule pt. sol. orala - 2 ani",OTC,N02BE51
"FARINGO HOT DRINK 500 mg/200
mg/4 mg",COMBINATII,GRAN. SUSP. ORALA,500mg/200mg/ 4mg,TERAPIA S.A. - ROMANIA,"Cutie cu 8 plicuri din hartie/Al/PE x
13.1 g granule pt. sol. orala - 2 ani",OTC,N02BE51
FARINGOSEPT  LAMAIE 10 mg,AMBAZONUM,COMPR. DE SUPT,10mg,TERAPIA S.A. - ROMANIA,"Cutie cu un blister din
Al/PVC-PE-PVDC transparent. incolor x 10 compr. de supt - 2 ani",OTC,R02AA01
FARINGOSEPT  LAMAIE 10 mg,AMBAZONUM,COMPR. DE SUPT,10mg,TERAPIA S.A. - ROMANIA,"Cutie cu un blister din
Al/PVC-PE-PVDC transparent. maro x 10 compr. de supt - 2 ani",OTC,R02AA01
FARINGOSEPT 10 mg,AMBAZONUM,COMPR. DE SUPT,,TERAPIA SA - ROMANIA,"Cutie cu un blister din
Al/PVC-PE-PVDC transparent. incolor x 10 compr. de supt - 2 ani",OTC,R02AA01
FARINGOSEPT 10 mg,AMBAZONUM,COMPR. DE SUPT,,TERAPIA SA - ROMANIA,"Cutie cu un blister din
Al/PVC-PE-PVDC transparent. maro x 10 compr. de supt - 2 ani",OTC,R02AA01
FARINGOSEPT MENTA 10 mg,AMBAZONUM,"COMPR. DE
SUPT.",,TERAPIA S.A. - ROMANIA,"Cutie cu 1 blist. PVC-PE-PVDC/Al x
10 compr. de supt - 2 ani",OTC,R02AA01
Denumirea comerciala,DCI,Forma,Conc,Firma / Tara detinatoare,Ambalaj,Pres.,ATC
FARINGOSEPT ROM 10 mg,AMBAZONUM,"COMPR. DE
SUPT.",,TERAPIA S.A. - ROMANIA,"Cutie cu 1 blist. PVC-PE-PVDC/Al x
10 compr. de supt - 2 ani",OTC,R02AA01
"FARINGOSEPT SCORTISOARA 10
mg",AMBAZONUM,"COMPR. DE
SUPT.",,TERAPIA S.A. - ROMANIA,"Cutie cu 1 blist. PVC-PE-PVDC/Al x
10 compr. de supt - 2 ani",OTC,R02AA01
FASCONAL,COMBINATII,COMPR.,,"GEDEON RICHTER ROMANIA S.A.
- ROMANIA","Cutie x 2 blist. PVC-PCTFE-PVC/Al x
10 compr. - 2 ani",OTC,N02BA51
FASCONAL,COMBINATII,COMPR.,,"GEDEON RICHTER ROMANIA S.A.
- ROMANIA","Cutie x 2 blist.
PVC-PE-PVDC-PE-PVC/Al x 10
compr. - 2 ani",OTC,N02BA51
FASCONAL PRO,COMBINATII,COMPR. FILM.,,"GEDEON RICHTER ROMANIA S.A.
- ROMANIA","Cutie x 1 blist. PVC/Al x 4 compr. film.
- 2 ani",OTC,N02BE51
FASCONAL PRO,COMBINATII,COMPR. FILM.,,"GEDEON RICHTER ROMANIA S.A.
- ROMANIA","Cutie x 1 blist. PVC/Al x 10 compr.
film. - 2 ani",OTC,N02BE51
FASCONAL PRO,COMBINATII,COMPR. FILM.,,"GEDEON RICHTER ROMANIA S.A.
- ROMANIA","Cutie x 2 blist. PVC/Al x 10 compr.
film. - 2 ani",OTC,N02BE51
FASPIC 400 mg  granule pentru solutie orala,IBUPROFENUM,GRAN. PT. SOL. ORALA,400mg,ZAMBON S.P.A. - ITALIA,"Cutie x 6 plicuri unidoza x 3g gran. pt.
sol. orala - 3 ani",OTC,M01AE01
FASPIC 400 mg  granule pentru solutie orala,IBUPROFENUM,GRAN. PT. SOL. ORALA,400mg,ZAMBON S.P.A. - ITALIA,"Cutie x 10 plicuri unidoza x 3g gran.
pt. sol. orala - 3 ani",OTC,M01AE01
FASPIC 400 mg  granule pentru solutie orala,IBUPROFENUM,GRAN. PT. SOL. ORALA,400mg,ZAMBON S.P.A. - ITALIA,"Cutie x 12 plicuri unidoza x 3g gran.
pt. sol. orala - 3 ani",OTC,M01AE01
FASPIC® 400 mg,IBUPROFENUM,COMPR. FILM.,,ZAMBON S.P.A. - ITALIA,"Cutie x 1 blist. Al-PE/PE-Al-PA x 6
compr. film. - 2 ani",OTC,M01AE01
FASPIC® 400 mg,IBUPROFENUM,COMPR. FILM.,,ZAMBON S.P.A. - ITALIA,"Cutie x 2 blist. Al-PE/PE-Al-PA x 6
compr. film. - 2 ani",OTC,M01AE01
FENILBUTAZONA,PHENYLBUTAZONUM,CREMA,4%,ANTIBIOTICE SA - ROMANIA,Cutie x 1 tub x 20 g - 3 ani,OTC,M02AA01
FENILBUTAZONA,PHENYLBUTAZONUM,CREMA,4%,ANTIBIOTICE SA - ROMANIA,Cutie x 1 tub x 40 g - 3 ani,OTC,M02AA01
"FENILBUTAZONA FITERMAN
40mg/g",PHENYLBUTAZONUM,CREMA,40mg/g,FITERMAN PHARMA S.R.L. - ROMANIA,Cutie cu 1 tub Al x 35 g crema - 3 ani,OTC,M02AA01
"FENILBUTAZONA FITERMAN
40mg/g",PHENYLBUTAZONUM,CREMA,40mg/g,FITERMAN PHARMA S.R.L. - ROMANIA,Cutie cu 1 tub Al x 50 g crema - 3 ani,OTC,M02AA01
"FENILBUTAZONA HYPERION 40
mg/g",PHENYLBUTAZONUM,CREMA,,HYPERION SA - ROMANIA,Cutie x 1 tub Al x 40g crema - 3 ani,OTC,M02AA01
FENISTIL GEL 1mg/g,DIMETINDENUM,GEL,1mg/g,"NOVARTIS CONSUMER HEALTH
GMBH - GERMANIA",Cutie cu 1 tub din Al x 30 g gel - 3 ani,OTC,D04AA13
"FERVEX ""pentru adulti""",COMBINATII,GRAN. PT. SOL. ORALA,,BRISTOL MYERS SQUIBB KFT - UNGARIA,"Cutie x 6 plicuri x 13.1 g gran. pt. sol.
orala - 3 ani",OTC,N02BE51
"FERVEX ""pentru adulti""",COMBINATII,GRAN. PT. SOL. ORALA,,BRISTOL MYERS SQUIBB KFT - UNGARIA,"Cutie x 8 plicuri x 13.1 g gran. pt. sol.
orala - 3 ani",OTC,N02BE51
"FERVEX ""pentru copii""",COMBINATII,"GRAN. PT. SOL.
ORALA",,"BRISTOL MYERS SQUIBB KFT -
UNGARIA","Cutie x 8 plicuri x 3 g gran. pt. sol.
orala - 3 ani",OTC,N02BE51
Denumirea comerciala,DCI,Forma,Conc,Firma / Tara detinatoare,Ambalaj,Pres.,ATC
Denumirea comerciala,DCI,Forma,Conc,Firma / Tara detinatoare,"Cutie x 12 plicuri x 3 g gran. pt. sol.
orala - 3 ani",OTC,N02BE51
Denumirea comerciala,DCI,Forma,Conc,Firma / Tara detinatoare,"Cutie x 16 plicuri x 3 g gran. pt. sol.
orala - 3 ani",OTC,N02BE51
FINALGON 4 mg/25 mg/ g,COMBINATII,UNGUENT,4mg/25mg/g,"BOEHRINGER INGELHEIM INTERNATIONAL GMBH -
GERMANIA",Cutie x 1 tub  Al x 20 g + aplicator - 3 ani,OTC,M02ABN1
FIOBILIN 250 mg,ACIDUM DEHYDROCHOLICUM,COMPR.,250mg,TERAPIA SA - ROMANIA,"Cutie x 1 blist. Al/PVC x 10 compr. - 4
ani",OTC,A05AAN1
FIOBILIN 250 mg,ACIDUM DEHYDROCHOLICUM,COMPR.,250mg,TERAPIA SA - ROMANIA,"Cutie x 2 blist. Al/PVC x 10 compr. - 4
ani",OTC,A05AAN1
FIOBILIN 250 mg,ACIDUM DEHYDROCHOLICUM,COMPR.,250mg,TERAPIA SA - ROMANIA,"Cutie x 5 blist. Al/PVC x 10 compr. - 4
ani",OTC,A05AAN1
FLAVAMED  15mg/5ml SIROP,AMBROXOLUM,SIROP,15mg/5ml,BERLIN CHEMIE AG MENARINI GROUP - GERMANIA,"Cutie x 1 flacon din sticla bruna x 60
ml sirop + lingurita dozatoare - 3 ani",OTC,R05CB06
FLAVAMED  15mg/5ml SIROP,AMBROXOLUM,SIROP,15mg/5ml,BERLIN CHEMIE AG MENARINI GROUP - GERMANIA,"Cutie x 1 flacon din sticla bruna x 100
ml sirop + lingurita dozatoare - 3 ani",OTC,R05CB06
FLAVAMED  15mg/5ml SIROP,AMBROXOLUM,SIROP,15mg/5ml,BERLIN CHEMIE AG MENARINI GROUP - GERMANIA,"Cutie x 1 flacon din sticla bruna x 200
ml sirop + lingurita dozatoare - 3 ani",OTC,R05CB06
FLAVAMED 15 mg/5 ml,AMBROXOLUM,SOL. ORALA,15mg/ml,BERLIN-CHEMIE AG - GERMANIA,"Cutie cu 1 flacon din sticla bruna  x 100 ml sol. orala +1 lingurita dozatoare din PP de 5 ml - 3 ani-dupa ambalarea pt. comercializare; dupa
prima deschidere-6 luni",OTC,R05CB06
FLAVAMED 30 mg/5 ml,AMBROXOLUM,SOL. ORALA,30mg/5ml,BERLIN-CHEMIE AG - GERMANIA,"Cutie cu 1 flac. din sticla bruna+lingurita dozatoare gradata la 1.25 ml. 2.5 ml si 5 ml care contine 100 ml sol. orala - 3 ani-dupa ambalarea pt. comercializare; dupa
prima deschidere-6 luni",OTC,R05CB06
FLAVAMED 60 mg,AMBROXOLUM,COMPR. EFF.,60mg,BERLIN-CHEMIE AG (MENARINI GROUP) - GERMANIA,"Cutie cu 1 tub din Al sau PP x 10
compr. eff. - 3 ani",OTC,R05CB06
FLAVAMED 60 mg,AMBROXOLUM,COMPR. EFF.,60mg,BERLIN-CHEMIE AG (MENARINI GROUP) - GERMANIA,"Cutie cu 1 tub din Al sau PP x 20
compr. eff. - 3 ani",OTC,R05CB06
FLAVAMED COMPRIMATE 30 mg,AMBROXOLUM,COMPR.,30mg,BERLIN-CHEMIE AG - GERMANIA,"Cutie cu blist. PVC/Al x 10 compr. - 2
ani",OTC,R05CB06
FLAVAMED COMPRIMATE 30 mg,AMBROXOLUM,COMPR.,30mg,BERLIN-CHEMIE AG - GERMANIA,"Cutie cu blist. PVC/A x 20 compr. - 2
ani",OTC,R05CB06
FLAVAMED COMPRIMATE 30 mg,AMBROXOLUM,COMPR.,30mg,BERLIN-CHEMIE AG - GERMANIA,"Cutie cu blist. PVC/A x 50 compr. - 2
ani",OTC,R05CB06
Denumirea comerciala,DCI,Forma,Conc,Firma / Tara detinatoare,Ambalaj,Pres.,ATC
FLAVOSOL 30 mg/ml,PROPOLIS,PIC. ORALE. SOL.,30mg/ml,"TIS FARMACEUTIC S.A. -
ROMANIA","Cutie cu 1 flacon PEJD x 25 ml pic.
orale. sol. + masura dozatoare - 3 ani",OTC,XNAP1
FLONIDAN,LORATADINUM,COMPR.,10mg,"LEK PHARMACEUTICALS D.D. -
SLOVENIA","Cutie x 1 blist.  Al/PVC x 10 compr. - 4
ani",OTC,R06AX13
FLUIDOL 250mg/5ml,CARBOCISTEINUM,SOL. ORALA,250mg/5ml,TIS FARMACEUTIC SA - ROMANIA,"Cutie x 1 flacon din PVC x 100 ml sirop + lingurita dubla gradata la 2.5 si
5 ml - 2 ani",OTC,R05CB03
FLUIMUCIL 100,ACETYLCYSTEINUM,"GRAN. PT. SOL.
ORALA",100mg,ZAMBON S.P.A. - ITALIA,"Cutie cu 30 plicuri unidoza x 1 g gran.
pt. susp. orala - 3 ani",OTC,R05CB01
FLUIMUCIL 200,ACETYLCYSTEINUM,"GRAN. PT. SOL.
ORALA",200mg,ZAMBON S.P.A. - ITALIA,"Cutie cu 30 plicuri unidoza x 1 g gran.
pt. susp. orala - 3 ani",OTC,R05CB01
FLUIMUCIL 600,ACETYLCYSTEINUM,COMPR. EFF.,600mg,ZAMBON S.P.A. - ITALIA,"Cutie cu 5 blist. PA-Al-PE/Al-PE x 2
compr. eff. - 3 ani",OTC,R05CB01
FORLAX 10 g,MACROGOLUM,PULB. PT. SOL. ORALA,10g,IPSEN PHARMA - FRANTA,Cutie x 10 plicuri - 3 ani,OTC,A06AD15
FORLAX 10 g,MACROGOLUM,PULB. PT. SOL. ORALA,10g,IPSEN PHARMA - FRANTA,Cutie x 20 plicuri - 3 ani,OTC,A06AD15
FORLAX 10 g,MACROGOLUM,PULB. PT. SOL. ORALA,10g,IPSEN PHARMA - FRANTA,Cutie x 30 plicuri - 3 ani,OTC,A06AD15
FORLAX 10 g,MACROGOLUM,PULB. PT. SOL. ORALA,10g,IPSEN PHARMA - FRANTA,Cutie x 50 plicuri - 3 ani,OTC,A06AD15
FUNGISIL MK crema,TERBINAFINUM,CREMA,10mg/g,FITERMAN PHARMA S.R.L. - ROMANIA,Cutie x 1 tub. x 15 g crema - 2 ani,OTC,D01AE15
FUNGISIL MK crema,TERBINAFINUM,CREMA,10mg/g,FITERMAN PHARMA S.R.L. - ROMANIA,Cutie x 1 tub. x 50 g crema - 2 ani,OTC,D01AE15
FURAZOLIDON TERAPIA 100 mg,FURAZOLIDONUM,COMPR.,100mg,TERAPIA SA - ROMANIA,"Cutie x 1 blist. Al/PVC x 20 compr. - 2
ani",OTC,A07AXN1
FURAZOLIDON TERAPIA 100 mg,FURAZOLIDONUM,COMPR.,100mg,TERAPIA SA - ROMANIA,"Cutie x 1 blist. Al/PVC x 10 compr. - 2
ani",OTC,A07AXN1
FURAZOLIDONA ARENA,FURAZOLIDONUM,COMPR.,25mg,ARENA GROUP SA - ROMANIA,"Cutie x 1 blist. Al/PVC x 10 compr. - 3
ani",OTC,A07AXN1
FURAZOLIDONA FORTE ARENA,FURAZOLIDONUM,COMPR.,100mg,ARENA GROUP SA - ROMANIA,"Cutie x 2 blist. Al/PVC x 10 compr. - 3
ani",OTC,A07AXN1
GALSTENA,HOMEOPATE,COMPR. SUBLING.,,RICHARD BITTNER AG - AUSTRIA,"Cutie cu 1 blist. PVC-PVDC/Al x 12
compr. subling. - 3 ani",OTC,A05
GALSTENA,HOMEOPATE,COMPR. SUBLING.,,RICHARD BITTNER AG - AUSTRIA,"Cutie cu 2 blist. PVC-PVDC/Al x 12
compr. subling. - 3 ani",OTC,A05
GALSTENA,HOMEOPATE,COMPR. SUBLING.,,RICHARD BITTNER AG - AUSTRIA,"Cutie cu 3 blist. PVC-PVDC/Al x 12
compr. subling. - 3 ani",OTC,A05
GALSTENA,HOMEOPATE,COMPR. SUBLING.,,RICHARD BITTNER AG - AUSTRIA,"Cutie cu 4 blist. PVC-PVDC/Al x 12
compr. subling. - 3 ani",OTC,A05
GALSTENA,HOMEOPATE,PIC. ORALE. SOL.,,RICHARD BITTNER AG - AUSTRIA,"Cutie cu 1 flac. din sticla bruna x 20 ml pic. orale. sol. - 5 ani- dupa ambalarea
pt. comercializare; 6 luni-dupa prima",OTC,A05
Denumirea comerciala,DCI,Forma,Conc,Firma / Tara detinatoare,Ambalaj,Pres.,ATC
Denumirea comerciala,DCI,Forma,Conc,Firma / Tara detinatoare,deschidere,,
Denumirea comerciala,DCI,Forma,Conc,Firma / Tara detinatoare,"Cutie cu 1 flac. din sticla bruna x 50 ml pic. orale. sol. - 5 ani- dupa ambalarea pt. comercializare; 6 luni-dupa prima
deschidere",OTC,A05
GASTROCYNESINE,HOMEOPATE,COMPR.,,LAB. BOIRON SA - FRANTA,"Cutie x 3 blist. Al/PVC x 20 compr. - 5
ani",OTC,XRNIT
GAVISCON MENTOL,COMBINATII (AMINOACIZI),COMPR. MAST.,,RECKITT BENCKISER HEALTHCARE LTD. - MAREA BRITANIE,Cutie cu 1 flac. PP x 8 compr. mast. - 2 ani,OTC,A02BX13
GAVISCON MENTOL,COMBINATII (AMINOACIZI),COMPR. MAST.,,RECKITT BENCKISER HEALTHCARE LTD. - MAREA BRITANIE,"Cutie cu 1 flac. PP x 12 compr. mast. -
2 ani",OTC,A02BX13
GAVISCON MENTOL,COMBINATII (AMINOACIZI),COMPR. MAST.,,RECKITT BENCKISER HEALTHCARE LTD. - MAREA BRITANIE,"Cutie cu 1 flac. PP x 16 compr. mast. -
2 ani",OTC,A02BX13
GAVISCON MENTOL,COMBINATII (AMINOACIZI),COMPR. MAST.,,RECKITT BENCKISER HEALTHCARE LTD. - MAREA BRITANIE,"Cutie cu 1 flac. PP x 18 compr. mast. -
2 ani",OTC,A02BX13
GAVISCON MENTOL,COMBINATII (AMINOACIZI),COMPR. MAST.,,RECKITT BENCKISER HEALTHCARE LTD. - MAREA BRITANIE,"Cutie cu 1 flac. PP x 20 compr. mast. -
2 ani",OTC,A02BX13
GAVISCON MENTOL,COMBINATII (AMINOACIZI),COMPR. MAST.,,RECKITT BENCKISER HEALTHCARE LTD. - MAREA BRITANIE,"Cutie cu 1 flac. PP x 22 compr. mast. -
2 ani",OTC,A02BX13
GAVISCON MENTOL,COMBINATII (AMINOACIZI),COMPR. MAST.,,RECKITT BENCKISER HEALTHCARE LTD. - MAREA BRITANIE,"Cutie cu 1 flac. PP x 24 compr. mast. -
2 ani",OTC,A02BX13
GAVISCON MENTOL,COMBINATII (AMINOACIZI),COMPR. MAST.,,RECKITT BENCKISER HEALTHCARE LTD. - MAREA BRITANIE,"Cutie cu 2 flac. PP x 16 compr. mast.. ambalaj multiplu (32 compr. mast.) - 2
ani",OTC,A02BX13
GAVISCON MENTOL,COMBINATII (AMINOACIZI),COMPR. MAST.,,RECKITT BENCKISER HEALTHCARE LTD. - MAREA BRITANIE,"Cutie cu 2 flac. PP x 18 compr. mast.. ambalaj multiplu (36 compr. mast.) - 2
ani",OTC,A02BX13
GAVISCON MENTOL,COMBINATII (AMINOACIZI),COMPR. MAST.,,RECKITT BENCKISER HEALTHCARE LTD. - MAREA BRITANIE,"Cutie cu 2 flac. PP x 20 compr. mast.. ambalaj multiplu (40 compr. mast.) - 2
ani",OTC,A02BX13
GAVISCON MENTOL,COMBINATII (AMINOACIZI),COMPR. MAST.,,RECKITT BENCKISER HEALTHCARE LTD. - MAREA BRITANIE,"Cutie cu 2 flac. PP x 22 compr. mast.. ambalaj multiplu (44 compr. mast.) - 2
ani",OTC,A02BX13
GAVISCON MENTOL,COMBINATII (AMINOACIZI),COMPR. MAST.,,RECKITT BENCKISER HEALTHCARE LTD. - MAREA BRITANIE,"Cutie cu 2 flac. PP x 24 compr. mast.. ambalaj multiplu (48 compr. mast.) - 2
ani",OTC,A02BX13
GAVISCON MENTOL,COMBINATII (AMINOACIZI),COMPR. MAST.,,RECKITT BENCKISER HEALTHCARE LTD. - MAREA BRITANIE,"Cutie cu 1 blist. transparent
UPVC-PE-PVDC/Al x 4 compr. mast. - 2 ani",OTC,A02BX13
Denumirea comerciala,DCI,Forma,Conc,Firma / Tara detinatoare,Ambalaj,Pres.,ATC
Denumirea comerciala,DCI,Forma,Conc,Firma / Tara detinatoare,"Cutie cu 1 blist. transparent
UPVC-PE-PVDC/Al x 6 compr. mast. - 2 ani",OTC,A02BX13
Denumirea comerciala,DCI,Forma,Conc,Firma / Tara detinatoare,"Cutie cu 1 blist. transparent
UPVC-PE-PVDC/Al x 8 compr. mast. - 2 ani",OTC,A02BX13
Denumirea comerciala,DCI,Forma,Conc,Firma / Tara detinatoare,"Cutie cu 2 blist. transparente
UPVC-PE-PVDC/Al x 8 compr. mast. (16 compr. mast.) - 2 ani",OTC,A02BX13
Denumirea comerciala,DCI,Forma,Conc,Firma / Tara detinatoare,"Cutie cu 3 blist. transparente
UPVC-PE-PVDC/Al x 8 compr. mast. (24 compr. mast.) - 2 ani",OTC,A02BX13
Denumirea comerciala,DCI,Forma,Conc,Firma / Tara detinatoare,"Cutie cu 4 blist. transparente
UPVC-PE-PVDC/Al x 6 compr. mast. (24 compr. mast.) - 2 ani",OTC,A02BX13
Denumirea comerciala,DCI,Forma,Conc,Firma / Tara detinatoare,"Cutie cu 4 blist. transparente
UPVC-PE-PVDC/Al x 8 compr. mast. (32 compr. mast.) - 2 ani",OTC,A02BX13
Denumirea comerciala,DCI,Forma,Conc,Firma / Tara detinatoare,"Cutie cu 6 blist. transparente
UPVC-PE-PVDC/Al x 8 compr. mast. 48 compr. mast.) - 2 ani",OTC,A02BX13
Denumirea comerciala,DCI,Forma,Conc,Firma / Tara detinatoare,"Cutie cu 8 blist. transparente
UPVC-PE-PVDC/Al x 6 compr. mast. (48 compr. mast.) - 2 ani",OTC,A02BX13
Denumirea comerciala,DCI,Forma,Conc,Firma / Tara detinatoare,"Cutie cu 8 blist. transparente
UPVC-PE-PVDC/Al x 8 compr. mast. (64 compr. mast.) - 2 ani",OTC,A02BX13
GAVISCON MENTOL,COMBINATII (AMINOACIZI),SUSP. ORALA,,RECKITT BENCKISER HEALTHCARE LTD. - MAREA BRITANIE,"Cutie cu 1 flac. din sticla bruna x 100 ml susp. orala + 1 dispozitiv de masurare din PP gradat pt. 5 ml. 10
ml. 15 ml. 20 ml - 2 ani",OTC,A02BX13
GAVISCON MENTOL,COMBINATII (AMINOACIZI),SUSP. ORALA,,RECKITT BENCKISER HEALTHCARE LTD. - MAREA BRITANIE,"Cutie cu 1 flac. din sticla bruna x 150 ml susp. orala + 1 dispozitiv de masurare din PP gradat pt. 5 ml. 10
ml. 15 ml. 20 ml - 2 ani",OTC,A02BX13
GAVISCON MENTOL,COMBINATII (AMINOACIZI),SUSP. ORALA,,RECKITT BENCKISER HEALTHCARE LTD. - MAREA BRITANIE,"Cutie cu 1 flac. din sticla bruna x 200 ml susp. orala + 1 dispozitiv de masurare din PP gradat pt. 5 ml. 10
ml. 15 ml. 20 ml - 2 ani",OTC,A02BX13
GAVISCON MENTOL,COMBINATII (AMINOACIZI),SUSP. ORALA,,RECKITT BENCKISER HEALTHCARE LTD. - MAREA BRITANIE,Cutie cu 1 flac. din sticla bruna x 300,OTC,A02BX13
Denumirea comerciala,DCI,Forma,Conc,Firma / Tara detinatoare,Ambalaj,Pres.,ATC
Denumirea comerciala,DCI,Forma,Conc,Firma / Tara detinatoare,"ml susp. orala + 1 dispozitiv de masurare din PP gradat pt. 5 ml. 10
ml. 15 ml. 20 ml - 2 ani",,
Denumirea comerciala,DCI,Forma,Conc,Firma / Tara detinatoare,"Cutie cu 1 flac. din sticla bruna x 500 ml susp. orala + 1 dispozitiv de masurare din PP gradat pt. 5 ml. 10
ml. 15 ml. 20 ml - 2 ani",OTC,A02BX13
Denumirea comerciala,DCI,Forma,Conc,Firma / Tara detinatoare,"Cutie cu 1 flac. din sticla bruna x 600 ml susp. orala + 1 dispozitiv de masurare din PP gradat pt. 5 ml. 10
ml. 15 ml. 20 ml - 2 ani",OTC,A02BX13
Denumirea comerciala,DCI,Forma,Conc,Firma / Tara detinatoare,"Cutie cu 1 flac. din sticla bruna x 100 ml susp. orala + 1 lingura de masurare
din polistiren de 2.5 ml si 5 ml - 2 ani",OTC,A02BX13
Denumirea comerciala,DCI,Forma,Conc,Firma / Tara detinatoare,"Cutie cu 1 flac. din sticla bruna x 150 ml susp. orala + 1 lingura de masurare
din polistiren de 2.5 ml si 5 ml - 2 ani",OTC,A02BX13
Denumirea comerciala,DCI,Forma,Conc,Firma / Tara detinatoare,"Cutie cu 1 flac. din sticla bruna x 200
ml susp. orala + 1 lingura de masurare din polistiren de 2.5 ml si 5 ml - 2 ani",OTC,A02BX13
Denumirea comerciala,DCI,Forma,Conc,Firma / Tara detinatoare,"Cutie cu 1 flac. din sticla bruna x 300
ml susp. orala + 1 lingura de masurare din polistiren de 2.5 ml si 5 ml - 2 ani",OTC,A02BX13
Denumirea comerciala,DCI,Forma,Conc,Firma / Tara detinatoare,"Cutie cu 1 flac. din sticla bruna x 500
ml susp. orala + 1 lingura de masurare din polistiren de 2.5 ml si 5 ml - 2 ani",OTC,A02BX13
Denumirea comerciala,DCI,Forma,Conc,Firma / Tara detinatoare,"Cutie cu 1 flac. din sticla bruna x 600 ml susp. orala + 1 lingura de masurare
din polistiren de 2.5 ml si 5 ml - 2 ani",OTC,A02BX13
GAVISCON MENTOL,COMBINATII (AMINOACIZI),SUSP. ORALA IN PLIC,,RECKITT BENCKISER HEALTHCARE LTD. - MAREA BRITANIE,"Cutie cu 2 plicuri unidoza Poliester/Al/PE x 10 ml susp. orala in
plic - 2 ani",OTC,A02BX13
GAVISCON MENTOL,COMBINATII (AMINOACIZI),SUSP. ORALA IN PLIC,,RECKITT BENCKISER HEALTHCARE LTD. - MAREA BRITANIE,"Cutie cu 4 plicuri unidoza
Poliester/Al/PE x 10 ml susp. orala in plic - 2 ani",OTC,A02BX13
GAVISCON MENTOL,COMBINATII (AMINOACIZI),SUSP. ORALA IN PLIC,,RECKITT BENCKISER HEALTHCARE LTD. - MAREA BRITANIE,"Cutie cu 6 plicuri unidoza Poliester/Al/PE x 10 ml susp. orala in
plic - 2 ani",OTC,A02BX13
GAVISCON MENTOL,COMBINATII (AMINOACIZI),SUSP. ORALA IN PLIC,,RECKITT BENCKISER HEALTHCARE LTD. - MAREA BRITANIE,"Cutie cu 8 plicuri unidoza
Poliester/Al/PE x 10 ml susp. orala in",OTC,A02BX13
Denumirea comerciala,DCI,Forma,Conc,Firma / Tara detinatoare,Ambalaj,Pres.,ATC
Denumirea comerciala,DCI,Forma,Conc,Firma / Tara detinatoare,plic - 2 ani,,
Denumirea comerciala,DCI,Forma,Conc,Firma / Tara detinatoare,"Cutie cu 10 plicuri unidoza Poliester/Al/PE x 10 ml susp. orala in
plic - 2 ani",OTC,A02BX13
Denumirea comerciala,DCI,Forma,Conc,Firma / Tara detinatoare,"Cutie cu 12 plicuri unidoza Poliester/Al/PE x 10 ml susp. orala in
plic - 2 ani",OTC,A02BX13
Denumirea comerciala,DCI,Forma,Conc,Firma / Tara detinatoare,"Cutie cu 14 plicuri unidoza Poliester/Al/PE x 10 ml susp. orala in
plic - 2 ani",OTC,A02BX13
Denumirea comerciala,DCI,Forma,Conc,Firma / Tara detinatoare,"Cutie cu 16 plicuri unidoza Poliester/Al/PE x 10 ml susp. orala in
plic - 2 ani",OTC,A02BX13
Denumirea comerciala,DCI,Forma,Conc,Firma / Tara detinatoare,"Cutie cu 18 plicuri unidoza
Poliester/Al/PE x 10 ml susp. orala in plic - 2 ani",OTC,A02BX13
Denumirea comerciala,DCI,Forma,Conc,Firma / Tara detinatoare,"Cutie cu 20 plicuri unidoza
Poliester/Al/PE x 10 ml susp. orala in plic - 2 ani",OTC,A02BX13
Denumirea comerciala,DCI,Forma,Conc,Firma / Tara detinatoare,"Cutie cu 22 plicuri unidoza
Poliester/Al/PE x 10 ml susp. orala in plic - 2 ani",OTC,A02BX13
Denumirea comerciala,DCI,Forma,Conc,Firma / Tara detinatoare,"Cutie cu 24 plicuri unidoza Poliester/Al/PE x 10 ml susp. orala in
plic - 2 ani",OTC,A02BX13
Denumirea comerciala,DCI,Forma,Conc,Firma / Tara detinatoare,"Cutie cu 26 plicuri unidoza Poliester/Al/PE x 10 ml susp. orala in
plic - 2 ani",OTC,A02BX13
Denumirea comerciala,DCI,Forma,Conc,Firma / Tara detinatoare,"Cutie cu 28 plicuri unidoza Poliester/Al/PE x 10 ml susp. orala in
plic - 2 ani",OTC,A02BX13
Denumirea comerciala,DCI,Forma,Conc,Firma / Tara detinatoare,"Cutie cu 30 plicuri unidoza Poliester/Al/PE x 10 ml susp. orala in
plic - 2 ani",OTC,A02BX13
Denumirea comerciala,DCI,Forma,Conc,Firma / Tara detinatoare,"Cutie cu 32 plicuri unidoza Poliester/Al/PE x 10 ml susp. orala in
plic - 2 ani",OTC,A02BX13
Denumirea comerciala,DCI,Forma,Conc,Firma / Tara detinatoare,Cutie cu 36 plicuri unidoza,OTC,A02BX13
Denumirea comerciala,DCI,Forma,Conc,Firma / Tara detinatoare,Ambalaj,Pres.,ATC
Denumirea comerciala,DCI,Forma,Conc,Firma / Tara detinatoare,Poliester/Al/PE x 10 ml susp. orala in plic - 2 ani,,
GENTOS,HOMEOPATE,COMPR. SUBLING.,,RICHARD BITTNER AG - AUSTRIA,"Cutie cu 1 blist. PVC-PVDC/Al x 20
compr. subling. - 5 ani",OTC,G04CX
GENTOS,HOMEOPATE,COMPR. SUBLING.,,RICHARD BITTNER AG - AUSTRIA,"Cutie cu 2 blist. PVC-PVDC/Al x 20
compr. subling. - 5 ani",OTC,G04CX
GENTOS,HOMEOPATE,COMPR. SUBLING.,,RICHARD BITTNER AG - AUSTRIA,"Cutie cu 3 blist. PVC-PVDC/Al x 20
compr. subling. - 5 ani",OTC,G04CX
GENTOS,HOMEOPATE,COMPR. SUBLING.,,RICHARD BITTNER AG - AUSTRIA,"Cutie cu 4 blist. PVC-PVDC/Al x 20
compr. subling. - 5 ani",OTC,G04CX
GENTOS,HOMEOPATE,COMPR. SUBLING.,,RICHARD BITTNER AG - AUSTRIA,"Cutie cu 5 blist. PVC-PVDC/Al x 20
compr. subling. - 5 ani",OTC,G04CX
GENTOS,HOMEOPATE,PIC. ORALE. SOL.,,RICHARD BITTNER AG - AUSTRIA,"Cutie cu 1 flac. din sticla bruna+picurator din PEJD x 20 ml pic. orale.sol. - 5 ani dupa ambalarea pt. comercializare; 6 luni dupa prima
deschidere a flac.",OTC,G04CX
GENTOS,HOMEOPATE,PIC. ORALE. SOL.,,RICHARD BITTNER AG - AUSTRIA,"Cutie cu 1 flac. din sticla bruna+picurator din PEJD x 50 ml pic. orale.sol. - 5 ani dupa ambalarea pt. comercializare; 6 luni dupa prima
deschidere a flac.",OTC,G04CX
GENTOS,HOMEOPATE,PIC. ORALE. SOL.,,RICHARD BITTNER AG - AUSTRIA,"Cutie cu 1 flac. din sticla bruna+picurator din PEJD x 100 ml pic. orale.sol. - 5 ani dupa ambalarea pt. comercializare; 6 luni dupa prima
deschidere a flac.",OTC,G04CX
GLIMBAX,DICLOFENACUM,APA DE GURA,0.074g/100ml,CSC PHARMACEUTICALS HANDELS GMBH - AUSTRIA,"Cutie x 1 flacon din sticla bruna x 200 ml apa de gura + masura dozatoare x
15 ml - 3 ani",OTC,A01AD11
GRIPEX,COMBINATII,COMPR. FILM.,,US PHARMACIA SP. Z.O.O. - POLONIA,"Cutie x 1 blist. PVC-PVDC/Al x 12
compr. film. - 2 ani",OTC,R05DA20
GRIPEX,COMBINATII,COMPR. FILM.,,US PHARMACIA SP. Z.O.O. - POLONIA,"Cutie x 2 blist. PVC-PVDC/Al x 12
compr. film. - 2 ani",OTC,R05DA20
GRIPEX HOT,COMBINATII,PULB. PT. SOL. ORALA,,US PHARMACIA SP. Z.O.O. - POLONIA,"Cutie x 5 plicuri din hartie/PE/Al/PE x
4g pulb. pt. sol. orala - 2 ani",OTC,N02BE51
GRIPEX HOT,COMBINATII,PULB. PT. SOL. ORALA,,US PHARMACIA SP. Z.O.O. - POLONIA,"Cutie x 7 plicuri din hartie/PE/Al/PE x
4g pulb. pt. sol. orala - 2 ani",OTC,N02BE51
GRIPEX HOT,COMBINATII,PULB. PT. SOL. ORALA,,US PHARMACIA SP. Z.O.O. - POLONIA,Cutie x 8 plicuri din hartie/PE/Al/PE x,OTC,N02BE51
Denumirea comerciala,DCI,Forma,Conc,Firma / Tara detinatoare,Ambalaj,Pres.,ATC
Denumirea comerciala,DCI,Forma,Conc,Firma / Tara detinatoare,4g pulb. pt. sol. orala - 2 ani,,
Denumirea comerciala,DCI,Forma,Conc,Firma / Tara detinatoare,"Cutie x 10 plicuri din hartie/PE/Al/PE x
4g pulb. pt. sol. orala - 2 ani",OTC,N02BE51
GRIPEX HOT MAX,COMBINATII,PULB. PT. SOL. ORALA,,US PHARMACIA SP. Z.O.O. - POLONIA,"Cutie x 5 plicuri din hartie/PE/Al/PE X
5g pulb. pt. sol.  orala - 2 ani",OTC,N02BE51
GRIPEX HOT MAX,COMBINATII,PULB. PT. SOL. ORALA,,US PHARMACIA SP. Z.O.O. - POLONIA,"Cutie x 8 plicuri din hartie/PE/Al/PE X
5g pulb. pt. sol.  orala - 2 ani",OTC,N02BE51
GRIPEX MAX,COMBINATII,COMPR. FILM.,,US PHARMACIA SP. Z.O.O. - POLONIA,"Cutie x 1 blist. PVC-PVDC/Al x 6
compr. film. - 3 ani",OTC,R05DA20
GRIPEX MAX,COMBINATII,COMPR. FILM.,,US PHARMACIA SP. Z.O.O. - POLONIA,"Cutie x 1 blist. PVC-PVDC/Al x 10
compr. film. - 3 ani",OTC,R05DA20
GRIPEX MAX,COMBINATII,COMPR. FILM.,,US PHARMACIA SP. Z.O.O. - POLONIA,"Cutie x 1 blist. PVC-PVDC/Al x 12
compr. film. - 3 ani",OTC,R05DA20
GRIPEX MAX,COMBINATII,COMPR. FILM.,,US PHARMACIA SP. Z.O.O. - POLONIA,"Cutie x 3 blist. hartie /Al/PE x 2 compr.
film. - 3 ani",OTC,R05DA20
GRIPEX NIGHT,COMBINATII,COMPR. FILM.,,US PHARMACIA SP. Z.O.O. - POLONIA,"Cutie x 1 blist. PVC-PVDC/Al x 6
compr. film. - 2 ani",OTC,R05DA20
GRIPEX NIGHT,COMBINATII,COMPR. FILM.,,US PHARMACIA SP. Z.O.O. - POLONIA,"Cutie x 2 blist. PVC-PVDC/Al x 6
compr. film. - 2 ani",OTC,R05DA20
GRIPEX NIGHT,COMBINATII,COMPR. FILM.,,US PHARMACIA SP. Z.O.O. - POLONIA,"Cutie x 1 blist. PVC-PVDC/Al x 12
compr. film. - 2 ani",OTC,R05DA20
GRIPEX NIGHT,COMBINATII,COMPR. FILM.,,US PHARMACIA SP. Z.O.O. - POLONIA,"Cutie x3 plicuri din hartie/Al/PE x 2
compr. film. - 2 ani",OTC,R05DA20
GRIPOSTOP,COMBINATII,GRAN. PT. SOL. ORALA,,SLAVIA PHARM S.R.L. - ROMANIA,"Cutie cu 6 plicuri din hartie/Al/PE x
13.1 g gran. pt. sol. orala - 2 ani",OTC,N02BE51
GRIPOSTOP,COMBINATII,GRAN. PT. SOL. ORALA,,SLAVIA PHARM S.R.L. - ROMANIA,"Cutie cu 8 plicuri din hartie/Al/PE x
13.1 g gran. pt. sol. orala - 2 ani",OTC,N02BE51
GRIPPOSTAD HOT,COMBINATII,PULB. PT. SOL. ORALA,600mg/plic,STADA ARZNEIMITTEL AG - GERMANIA,"Cutie x 5 plicuri Al/hartie/PE x 5 g
pulb. pt. sol. orala - 4 ani",OTC,N02BE51
GRIPPOSTAD HOT,COMBINATII,PULB. PT. SOL. ORALA,600mg/plic,STADA ARZNEIMITTEL AG - GERMANIA,"Cutie x 10 plicuri Al/hartie/PE x 5 g
pulb. pt. sol. orala - 4 ani",OTC,N02BE51
GRIPPOSTAD® C,COMBINATII,CAPS.,,"STADA ARZNEIMITTEL AG -
GERMANIA","Cutie x 2 blist.  Al/PVDC-PVC x 10
caps. - 4 ani",OTC,N02BE51
HAIRGROW,MINOXIDILUM,SPRAY CUTANAT SOL.,20mg/ml,DAR AL DAWA PHARMA S.R.L. - ROMANIA,"Cutie x 1 flacon pulverizator din PEID prevazut cu pompa dozatoare x 50 ml
spray cutanat. sol. - 3 ani",OTC,D11AX01
HEDELIX 40 mg/ml,PLANTE,PIC. ORALE. SOL.,40mg/ml,KREWEL MEUSELBACH GMBH - GERMANIA,"Cutie cu 1 flacon din sticla bruna x 20
ml pic. orale. sol. - 5 ani",OTC,R05FB01
HEDELIX 40 mg/ml,PLANTE,PIC. ORALE. SOL.,40mg/ml,KREWEL MEUSELBACH GMBH - GERMANIA,Cutie cu 1 flacon din sticla bruna x 50,OTC,R05FB01
Denumirea comerciala,DCI,Forma,Conc,Firma / Tara detinatoare,Ambalaj,Pres.,ATC
Denumirea comerciala,DCI,Forma,Conc,Firma / Tara detinatoare,ml pic. orale. sol. - 5 ani,,
Denumirea comerciala,DCI,Forma,Conc,Firma / Tara detinatoare,"Cutie cu 1 flacon din sticla bruna x
100 ml pic. orale. sol. - 5 ani",OTC,R05FB01
HEMOGAL,COMBINATII,UNGUENT,,HYPERION S.A. - ROMANIA,"Cutie x 1 tub din Al x 20 g unguent - 3
ani",OTC,D03AXN3
HEPA - MERZ GRANULAT,COMBINATII,GRAN. PT. SOL. ORALA,3g,PHARMA MERZ - GERMANIA,"Cutie x 30 plicuri x 5 g granule pt.
sol.orala - 5 ani",OTC,A05BAN4
HEPA - MERZ GRANULAT,COMBINATII,GRAN. PT. SOL. ORALA,3g,PHARMA MERZ - GERMANIA,"Cutie x 50 plicuri x 5 g granule pt.
sol.orala - 5 ani",OTC,A05BAN4
HEPA - MERZ GRANULAT,COMBINATII,GRAN. PT. SOL. ORALA,3g,PHARMA MERZ - GERMANIA,"Cutie x 100 plicuri x 5 g granule pt.
sol.orala - 5 ani",OTC,A05BAN4
HEPATHROMBIN 300 UI/g,COMBINATII,GEL,300UI/g,"STADA HEMOFARM S.R.L. -
ROMANIA",Cutie x 1 tub din Al x 40 g gel - 3 ani,OTC,C05BA53
HEPATHROMBIN 300 UI/g,COMBINATII,UNGUENT,,"STADA HEMOFARM S.R.L. -
ROMANIA","Cutie x 1 tub din Al x 40g unguent - 3
ani",OTC,C05BA53
HEPATHROMBIN 500 UI/g,COMBINATII,GEL,500UI/g,"STADA HEMOFARM S.R.L. -
ROMANIA",Cutie x 1 tub din Al  x 40 g gel - 3 ani,OTC,C05BA53
HEPATHROMBIN 500 UI/g,COMBINATII,UNGUENT,,"STADA HEMOFARM S.R.L. -
ROMANIA","Cutie x 1 tub din Al x 40g unguent - 3
ani",OTC,C05BA53
HERBION IVY 7 mg/ml,PLANTE,SIROP,7mg/ml,KRKA. D.D.. NOVO MESTO - SLOVENIA,"Cutie cu 1 flac. din sticla bruna x 150 ml sirop+1 lingurita dozatoare - 2
ani-dupa ambalarea pt. comercializare; dupa prima
deschidere a flac.-3 luni",OTC,R05C
HEXORAL 2 mg/ml,HEXETIDINUM,"SPRAY BUCOFARINGIAN
.SOL",2mg/ml,MCNEIL PRODUCTS LIMITED C/O JOHNSON & JOHNSON - MAREA BRITANIE,"Cutie x 1 flacon presurizat din  Al x 40 ml  spray bucofaringian. solutie+ valva si sistem de pulverizare - 2 ani-dupa ambalare pentru comercializare/6 luni
dupa prima deschidere a fl.",OTC,A01AB12
HEXORALETTEN N 5 mg+1.5 mg,"COMBINATII (CHLORHEXIDINUM+BENZOCAI
NUM)",PASTILE,5mg+1.5mg,"MCNEIL PRODUCTS LIMITED C/O JOHNSON&JOHNSON LTD. -
MAREA BRITANIE",Cutie cu 2 blist. Al/PVDC-PVC x 10 pastile - 3 ani,OTC,R02AA20
"HEXPECTORAL MENTOL 20
mg/ml",GUAIFENESINUM,SOL. ORALA,20mg/ml,MCNEIL PRODUCTS LIMITED C/O JOHNSON&JOHNSON - MAREA BRITANIE,"Cutie cu 1 flac. din sticla bruna x 150 ml sol. orala - 3 ani-dupa ambalarea pt. comercializare; dupa prima
deschidere-4 saptamani",OTC,R05CA03
HIRUDOID CREMA,HEPARINOIDUM,CREMA,3mg/g,"STADA ARZNEIMITTEL AG -
GERMANIA",Cutie x 1 tub din Al x 40g - 5 ani,OTC,C05BA01
HIRUDOID GEL,HEPARINOIDUM,GEL,,STADA ARZNEIMITTEL AG -,Cutie x  1 tub din Al x 40g - 5 ani,OTC,C05BA01
Denumirea comerciala,DCI,Forma,Conc,Firma / Tara detinatoare,Ambalaj,Pres.,ATC
Denumirea comerciala,DCI,Forma,Conc,Firma / Tara detinatoare,,,
HOMEOGENE 9,HOMEOPATE,COMPR.,,LAB. BOIRON - FRANTA,"Cutie x 3 blist. Al/PVC x 20 compr. - 5
ani",OTC,XRNIT
HOMEOVOX,HOMEOPATE,DRAJ.,,LAB. BOIRON - FRANTA,"Cutie x 3 blist. Al-PVC x 20 draj. - 5
ani",OTC,XRNIT
HUMAGRIP,COMBINATII,COMPR. + CAPS.,,LAB. URGO - FRANTA,"Cutie x 1 blist. Al/PVC x 12 compr. + 4
caps. - 3 ani",OTC,R01BA52
HUMOTUSIN EXPECTORANT PENTRU ADULTI,CARBOCISTEINUM,SIROP,750mg/15ml,LAB. URGO - FRANTA,"Cutie x 1 flac. din sticla bruna x 125 ml sirop + masura dozatoare x 15 ml - 3
ani",OTC,R05CB03
HYPERVULSIN 30 mg/g,METHYLII NICOTINAS,UNGUENT,30mg/g,HYPERION S.A. - ROMANIA,"Cutie cu 1 tub Al x 35 g unguent - 3
ani",OTC,M02AX10
IBALGIN,IBUPROFENUM,COMPR. FILM.,200mg,ZENTIVA AS - CEHIA,"Cutie x 1 blist. Al/PVC x 10 compr.
film. - 3 ani",OTC,M01AE01
IBALGIN,IBUPROFENUM,COMPR. FILM.,200mg,ZENTIVA AS - CEHIA,"Cutie x 1 blist. Al/PVC x 12 compr.
film. - 3 ani",OTC,M01AE01
IBALGIN,IBUPROFENUM,COMPR. FILM.,200mg,ZENTIVA AS - CEHIA,"Cutie x 2 blist. Al/PVC x 12 compr.
film. - 3 ani",OTC,M01AE01
IBALGIN,IBUPROFENUM,COMPR. FILM.,200mg,ZENTIVA AS - CEHIA,Cutie x 3 blist. x 10 compr. film. - 3 ani,OTC,M01AE01
IBALGIN FORTE,IBUPROFENUM,COMPR. FILM.,400mg,ZENTIVA K.S. - CEHIA,"Cutie x 1 blist. PVC/Al x 10 compr.
film. - 3 ani",OTC,M01AE01
IBALGIN FORTE,IBUPROFENUM,COMPR. FILM.,,ZENTIVA K.S. - CEHIA,"Cutie x 1 blist. Al/PVC x 12 compr.
film. - 3 ani",OTC,M01AE01
IBALGIN GEL,IBUPROFENUM,GEL,5%,ZENTIVA AS - CEHIA,Cutie x 1 tub Al x 50 g gel - 2 ani,OTC,M02AA13
IBALGIN RAPID,IBUPROFENUM,COMPR. FILM.,400mg,ZENTIVA  K.S. - REPUBLICA CEHA,"Cutie cu blist. transparent
PVC-Aclar-PVC/PVC-PVAc-Al x 6
compr. film. - 2 ani",OTC,M01AE01
IBALGIN RAPID,IBUPROFENUM,COMPR. FILM.,400mg,ZENTIVA  K.S. - REPUBLICA CEHA,"Cutie cu blist. transparent
PVC-Aclar-PVC/PVC-PVAc-Al x 12
compr. film. - 2 ani",OTC,M01AE01
IBALGIN RAPID,IBUPROFENUM,COMPR. FILM.,400mg,ZENTIVA  K.S. - REPUBLICA CEHA,"Cutie cu blist.
transparentPVC-Aclar-PVC/PVC-PVA c-Al x 18 compr. film. - 2 ani",OTC,M01AE01
IBALGIN RAPID,IBUPROFENUM,COMPR. FILM.,400mg,ZENTIVA  K.S. - REPUBLICA CEHA,"Cutie cu blist. transparent
PVC-Aclar-PVC/PVC-PVAc-Al x 24
compr. film. - 2 ani",OTC,M01AE01
IBALGIN RAPID,IBUPROFENUM,COMPR. FILM.,400mg,ZENTIVA  K.S. - REPUBLICA CEHA,"Cutie cu blist. alb
PVC-Aclar-PVC/PVC-PVAc-Al x 6
compr. film. - 2 ani",OTC,M01AE01
IBALGIN RAPID,IBUPROFENUM,COMPR. FILM.,400mg,ZENTIVA  K.S. - REPUBLICA CEHA,Cutie cu blist. alb,OTC,M01AE01
Denumirea comerciala,DCI,Forma,Conc,Firma / Tara detinatoare,Ambalaj,Pres.,ATC
Denumirea comerciala,DCI,Forma,Conc,Firma / Tara detinatoare,"PVC-Aclar-PVC/PVC-PVAc-Al x 12
compr. film. - 2 ani",,
Denumirea comerciala,DCI,Forma,Conc,Firma / Tara detinatoare,"Cutie cu blist. alb
PVC-Aclar-PVC/PVC-PVAc-Al x 18
compr. film. - 2 ani",OTC,M01AE01
Denumirea comerciala,DCI,Forma,Conc,Firma / Tara detinatoare,"Cutie cu blist. alb
PVC-Aclar-PVC/PVC-PVAc-Al x 24
compr. film. - 2 ani",OTC,M01AE01
IBALGIN SPORT,IBUPROFENUM,CREMA,,ZENTIVA K.S. - CEHIA,"Cutie x 1 tub din Al x 30 g crema - 2
ani",OTC,M02AA13
IBALGIN SPORT,IBUPROFENUM,CREMA,,ZENTIVA K.S. - CEHIA,"Cutie x 1 tub din Al x 50 g crema - 2
ani",OTC,M02AA13
IBUFEN 200 mg,IBUPROFENUM,COMPR. FILM.,200mg,ANTIBIOTICE SA - ROMANIA,Cutie x 2 blist. x 10 compr. film. - 3 ani,OTC,M01AE01
IBUFEN 200 mg,IBUPROFENUM,COMPR. FILM.,200mg,ANTIBIOTICE SA - ROMANIA,"Cutie x 1 blist. Al/PVC x 10 compr.
film. - 3 ani",OTC,M01AE01
IBUFEN 200 mg,IBUPROFENUM,COMPR. FILM.,200mg,ANTIBIOTICE SA - ROMANIA,"Cutie x 3 blist. Al/PVC x 10 compr.
film. - 3 ani",OTC,M01AE01
IBUPROFEN ARENA 200 mg,IBUPROFENUM,CAPS.,,ARENA GROUP SA - ROMANIA,"Cutie x 1 blist. Al/PVC x 10 caps. - 3
ani",OTC,M01AE01
IBUPROFEN ARENA 200 mg,IBUPROFENUM,CAPS.,,ARENA GROUP SA - ROMANIA,"Cutie x 2 blist. Al/PVC x 10 caps. - 3
ani",OTC,M01AE01
IBUPROFEN ARENA 200 mg,IBUPROFENUM,CAPS.,,ARENA GROUP SA - ROMANIA,"Cutie x 100 blist. Al/PVC x 10 caps. -
3 ani",OTC/S,M01AE01
IBUPROFEN ARENA 400 mg,IBUPROFENUM,CAPS.,400mg,ARENA GROUP S.A. - ROMANIA,"Cutie cu 1 blist. PVC/Al x 10 caps. - 3
ani",OTC,M01AE01
IBUPROFEN BANNER PT. COPII PESTE 7 ANI 100 mg,IBUPROFENUM,CAPS. MOI MASTICABILE,100mg,"BANNER PHARMACAPS EUROPE
B.V. - OLANDA","Cutie cu 1 blist. PVC-PE-PVDC/Al x 2
caps. moi masticabile - 15 luni",OTC,M01AE01
IBUPROFEN BANNER PT. COPII PESTE 7 ANI 100 mg,IBUPROFENUM,CAPS. MOI MASTICABILE,100mg,"BANNER PHARMACAPS EUROPE
B.V. - OLANDA","Cutie cu blist. PVC-PE-PVDC/Al x 4
caps. moi masticabile - 15 luni",OTC,M01AE01
IBUPROFEN BANNER PT. COPII PESTE 7 ANI 100 mg,IBUPROFENUM,CAPS. MOI MASTICABILE,100mg,"BANNER PHARMACAPS EUROPE
B.V. - OLANDA","Cutie cu blist. PVC-PE-PVDC/Al x 6
caps. moi masticabile - 15 luni",OTC,M01AE01
IBUPROFEN BANNER PT. COPII PESTE 7 ANI 100 mg,IBUPROFENUM,CAPS. MOI MASTICABILE,100mg,"BANNER PHARMACAPS EUROPE
B.V. - OLANDA","Cutie cu blist. PVC-PE-PVDC/Al x 8
caps. moi masticabile - 15 luni",OTC,M01AE01
IBUPROFEN BANNER PT. COPII PESTE 7 ANI 100 mg,IBUPROFENUM,CAPS. MOI MASTICABILE,100mg,"BANNER PHARMACAPS EUROPE
B.V. - OLANDA","Cutie cu blist. PVC-PE-PVDC/Al x 10
caps. moi masticabile - 15 luni",OTC,M01AE01
IBUPROFEN BANNER PT. COPII PESTE 7 ANI 100 mg,IBUPROFENUM,CAPS. MOI MASTICABILE,100mg,"BANNER PHARMACAPS EUROPE
B.V. - OLANDA","Cutie cu blist. PVC-PE-PVDC/Al x 12
caps. moi masticabile - 15 luni",OTC,M01AE01
IBUPROFEN BANNER PT. COPII PESTE 7 ANI 100 mg,IBUPROFENUM,CAPS. MOI MASTICABILE,100mg,"BANNER PHARMACAPS EUROPE
B.V. - OLANDA","Cutie cu blist. PVC-PE-PVDC/Al x 14
caps. moi masticabile - 15 luni",OTC,M01AE01
IBUPROFEN BANNER PT. COPII PESTE 7 ANI 100 mg,IBUPROFENUM,CAPS. MOI MASTICABILE,100mg,"BANNER PHARMACAPS EUROPE
B.V. - OLANDA",Cutie cu blist. PVC-PE-PVDC/Al x 16,OTC,M01AE01
Denumirea comerciala,DCI,Forma,Conc,Firma / Tara detinatoare,Ambalaj,Pres.,ATC
Denumirea comerciala,DCI,Forma,Conc,Firma / Tara detinatoare,caps. moi masticabile - 15 luni,,
Denumirea comerciala,DCI,Forma,Conc,Firma / Tara detinatoare,"Cutie cu blist. PVC-PE-PVDC/Al x 18
caps. moi masticabile - 15 luni",OTC,M01AE01
Denumirea comerciala,DCI,Forma,Conc,Firma / Tara detinatoare,"Cutie cu blist. PVC-PE-PVDC/Al x 20
caps. moi masticabile - 15 luni",OTC,M01AE01
Denumirea comerciala,DCI,Forma,Conc,Firma / Tara detinatoare,"Cutie cu blist. PVC-PE-PVDC/Al x 22
caps. moi masticabile - 15 luni",OTC,M01AE01
Denumirea comerciala,DCI,Forma,Conc,Firma / Tara detinatoare,"Cutie cu blist. PVC-PE-PVDC/Al x 24
caps. moi masticabile - 15 luni",OTC,M01AE01
Denumirea comerciala,DCI,Forma,Conc,Firma / Tara detinatoare,"Cutie cu blist. PVC-PE-PVDC/Al x 26
caps. moi masticabile - 15 luni",OTC,M01AE01
Denumirea comerciala,DCI,Forma,Conc,Firma / Tara detinatoare,"Cutie cu blist. PVC-PE-PVDC/Al x 28
caps. moi masticabile - 15 luni",OTC,M01AE01
Denumirea comerciala,DCI,Forma,Conc,Firma / Tara detinatoare,"Cutie cu blist. PVC-PE-PVDC/Al x 30
caps. moi masticabile - 15 luni",OTC,M01AE01
Denumirea comerciala,DCI,Forma,Conc,Firma / Tara detinatoare,"Cutie cu blist. PVC-PE-PVDC/Al x 32
caps. moi masticabile - 15 luni",OTC,M01AE01
IBUPROFEN CIPLA 200,IBUPROFENUM,COMPR. FILM.,200mg,"CIPLA (UK) LIMITED - MAREA
BRITANIE","Cutie cu 2 blist. PVC/Al x 10 compr.
film. - 3 ani",OTC,M01AE01
"IBUPROFEN LIDERFARM 100
mg/5 ml",IBUPROFENUM,SUSP. ORALA,100mg/5ml,FARMALIDER S.A. - SPANIA,"Cutie cu 1 flac. PET a 100 ml susp. orala + 1 seringa pt. administrare orala de 5 ml cu cilindru din PP si un piston PEID cu gradatie de 0.25 ml pana la 5 ml - 3 ani-dupa ambalarea pt. comercializare;dupa prima deschidere
a flac.-6 luni",OTC,M01AE01
"IBUPROFEN LIDERFARM 100
mg/5 ml",IBUPROFENUM,SUSP. ORALA,100mg/5ml,FARMALIDER S.A. - SPANIA,"Cutie cu 1 flac. PET a 150 ml susp. orala + 1 seringa pt. administrare orala de 5 ml cu cilindru din PP si un piston PEID cu gradatie de 0.25 ml pana la 5 ml - 3 ani-dupa ambalarea pt. comercializare;dupa prima deschidere
a flac.-6 luni",OTC,M01AE01
"IBUPROFEN LIDERFARM 100
mg/5 ml",IBUPROFENUM,SUSP. ORALA,100mg/5ml,FARMALIDER S.A. - SPANIA,"Cutie cu 1 flac. PET a 200 ml susp. orala + 1 seringa pt. administrare orala de 5 ml cu cilindru din PP si un piston PEID cu gradatie de 0.25 ml pana la 5 ml - 3 ani-dupa ambalarea pt.
comercializare;dupa prima deschidere",OTC,M01AE01
Denumirea comerciala,DCI,Forma,Conc,Firma / Tara detinatoare,Ambalaj,Pres.,ATC
Denumirea comerciala,DCI,Forma,Conc,Firma / Tara detinatoare,a flac.-6 luni,,
IBUPROFEN MK,IBUPROFENUM,CREMA,5%,FITERMAN PHARMA S.R.L. - ROMANIA,Cutie x 1 tub Al x 25 g crema - 2 ani,OTC,M02AA13
IBUPROFEN MK,IBUPROFENUM,CREMA,5%,FITERMAN PHARMA S.R.L. - ROMANIA,Cutie x 1 tub Al x 45 g crema - 2 ani,OTC,M02AA13
IBUPROFEN MK GEL,IBUPROFENUM,GEL,50mg/g,FITERMAN PHARMA S.R.L. - ROMANIA,Cutie x 1 tub din Al x 25 g gel - 2 ani,OTC,M02AA13
IBUPROFEN MK GEL,IBUPROFENUM,GEL,50mg/g,FITERMAN PHARMA S.R.L. - ROMANIA,Cutie x 1 tub din Al x 45 g gel - 2 ani,OTC,M02AA13
"IBUPROFEN POLPHARMA 100
mg/5 ml",IBUPROFENUM,SUSP. ORALA,100mg/5ml,PHARMACEUTICAL WORKS POLPHARMA SA - POLONIA,"Cutie  cu 1  flac. din PET. prevazut cu adaptor pentru seringa.sistem de închidere securizat pt. copii si 1 inel protector de siguranta si o seringa pentru adm. orala din polistiren - PEJD de 5 ml (cu gradatii de  0.1 ml) a 100 ml susp. orala - 2 ani-dupa
prima deschidere a flaconului - 6 luni",OTC,M01AE01
"IBUPROFEN POLPHARMA 100
mg/5 ml",IBUPROFENUM,SUSP. ORALA,100mg/5ml,PHARMACEUTICAL WORKS POLPHARMA SA - POLONIA,"Cutie  cu 1  flac. din PET. prevazut cu adaptor pentru seringa.sistem de închidere securizat pt. copii si 1 inel protector de siguranta si o seringa pentru adm. orala din polistiren - PEJD de 5 ml (cu gradatii de  0.1 ml) a 120 ml susp. orala - 2 ani-dupa
prima deschidere a flaconului - 6 luni",OTC,M01AE01
"IBUPROFEN ROCKSPRING 200
mg",IBUPROFENUM,GRANULE EFF.,200mg,ROCKSPRING HEALTHCARE LIMITED - MAREA BRITANIE,"Cutie cu 12 plicuri din hartie-PE-Al-PE
care contin granule eff. - 2 ani",OTC,M01AE01
"IBUPROFEN ROCKSPRING 200
mg",IBUPROFENUM,GRANULE EFF.,200mg,ROCKSPRING HEALTHCARE LIMITED - MAREA BRITANIE,"Cutie cu 20 plicuri din hartie-PE-Al-PE
care contin granule eff. - 2 ani",OTC,M01AE01
"IBUPROFEN ROCKSPRING 200
mg",IBUPROFENUM,GRANULE EFF.,200mg,ROCKSPRING HEALTHCARE LIMITED - MAREA BRITANIE,"Cutie cu 30 plicuri din hartie-PE-Al-PE
care contin granule eff. - 2 ani",OTC,M01AE01
IBUPROFEN SANDOZ 20 mg/ml,IBUPROFENUM,SUSP. ORALA,20mg/ml,SANDOZ S.R.L. - ROMANIA,"Cutie cu 1 flac. din PET x 100 ml  susp. orala + 1 seringa pt. administrare orala. cu gradatii pana la 5 ml in trepte de 0.25 ml. pravazuta cu piston din PEID si un rezervor din PP - 3 ani-dupa ambalarea pt. comercializare; dupa prima
deschidere-6 luni",OTC,M01AE01
IBUPROFEN SANDOZ 20 mg/ml,IBUPROFENUM,SUSP. ORALA,20mg/ml,SANDOZ S.R.L. - ROMANIA,"Cutie cu 1 flac. din PET x 150 ml
susp. orala + 1 seringa pt.",OTC,M01AE01
Denumirea comerciala,DCI,Forma,Conc,Firma / Tara detinatoare,Ambalaj,Pres.,ATC
Denumirea comerciala,DCI,Forma,Conc,Firma / Tara detinatoare,"administrare orala. cu gradatii pana la 5 ml in trepte de 0.25 ml. pravazuta cu piston din PEID si un rezervor din PP - 3 ani-dupa ambalarea pt. comercializare; dupa prima
deschidere-6 luni",,
Denumirea comerciala,DCI,Forma,Conc,Firma / Tara detinatoare,"Cutie cu 1 flac. din PET x 200 ml  susp. orala + 1 seringa pt. administrare orala. cu gradatii pana la 5 ml in trepte de 0.25 ml. pravazuta cu piston din PEID si un rezervor din PP - 3 ani-dupa ambalarea pt. comercializare; dupa prima
deschidere-6 luni",OTC,M01AE01
IBUPROFEN SANDOZ 40 mg/ml,IBUPROFENUM,SUSP. ORALA,40mg/ml,SANDOZ S.R.L. - ROMANIA,"Cutie cu 1 flac. din PET x 30 ml susp. orala + 1 seringa pt. administrare orala. cu gradatii pana la 5 ml in trepte de 0.25 ml. pravazuta cu piston din PEID si un rezervor din PP - 3
ani-dupa ambalarea pt. comercializare; dupa prima
deschidere-6 luni",OTC,M01AE01
IBUPROFEN SANDOZ 40 mg/ml,IBUPROFENUM,SUSP. ORALA,40mg/ml,SANDOZ S.R.L. - ROMANIA,"Cutie cu 1 flac. din PET x 100 ml  susp. orala + 1 seringa pt. administrare orala. cu gradatii pana la 5 ml in trepte de 0.25 ml. pravazuta cu piston din PEID si un rezervor din PP - 3 ani-dupa ambalarea pt. comercializare; dupa prima
deschidere-6 luni",OTC,M01AE01
IBUPROFEN SANDOZ 40 mg/ml,IBUPROFENUM,SUSP. ORALA,40mg/ml,SANDOZ S.R.L. - ROMANIA,"Cutie cu 1 flac. din PET x 150 ml  susp. orala + 1 seringa pt. administrare orala. cu gradatii pana la 5 ml in trepte de 0.25 ml. pravazuta cu piston din PEID si un rezervor din PP - 3 ani-dupa ambalarea pt. comercializare; dupa prima
deschidere-6 luni",OTC,M01AE01
IBUPROFEN SANDOZ 40 mg/ml,IBUPROFENUM,SUSP. ORALA,40mg/ml,SANDOZ S.R.L. - ROMANIA,"Cutie cu 1 flac. din PET x 200 ml susp. orala + 1 seringa pt.
administrare orala. cu gradatii pana la",OTC,M01AE01
Denumirea comerciala,DCI,Forma,Conc,Firma / Tara detinatoare,Ambalaj,Pres.,ATC
Denumirea comerciala,DCI,Forma,Conc,Firma / Tara detinatoare,"5 ml in trepte de 0.25 ml. pravazuta cu piston din PEID si un rezervor din PP - 3 ani-dupa ambalarea pt. comercializare; dupa prima
deschidere-6 luni",,
"IBUPROFEN/CLORHIDRAT DE FENILEFRINA ZENTIVA 200 mg/5
mg",COMBINATII (IBUPROFENUM+FENILEFRINU M),COMPR. FILM.,200mg/5mg,ZENTIVA. K.S. - REPUBLICA CEHA,Cutie cu 1 blist. Al/PVC x 12 compr. film. - 2 ani,OTC,M01AE51
"IBUPROFEN/CLORHIDRAT DE FENILEFRINA ZENTIVA 200 mg/5
mg",COMBINATII (IBUPROFENUM+FENILEFRINU M),COMPR. FILM.,200mg/5mg,ZENTIVA. K.S. - REPUBLICA CEHA,"Cutie cu 2 blist. Al/PVC x 12 compr.
film. - 2 ani",OTC,M01AE51
IBUPROM,IBUPROFENUM,DRAJ.,200mg,US PHARMACIA SP - POLONIA,"Cutie x 1 flac. din PEID x 50 draj. - 2
ani",OTC,M01AE01
IBUPROM,IBUPROFENUM,DRAJ.,200mg,US PHARMACIA SP - POLONIA,"Cutie x 1 plic de hartie/Al x 2 draj. - 2
ani",OTC,M01AE01
IBUPROM,IBUPROFENUM,DRAJ.,200mg,US PHARMACIA SP - POLONIA,Cutie x 1 blist. Al/PVC x 6 draj. - 2 ani,OTC,M01AE01
IBUPROM,IBUPROFENUM,DRAJ.,200mg,US PHARMACIA SP - POLONIA,"Cutie x 1 blist. Al/PVC x 10 draj. - 2
ani",OTC,M01AE01
IBUPROM 200 mg,IBUPROFENUM,CAPS. MOI,,US PHARMACIA SP. Z.O.O. - POLONIA,"Cutie x 1 blist. PVC-PVDC/Al x 6
caps. moi - 2 ani",OTC,M01AE01
IBUPROM 200 mg,IBUPROFENUM,CAPS. MOI,,US PHARMACIA SP. Z.O.O. - POLONIA,"Cutie x 1 blist. PVC-PVDC/Al x 10
caps. moi - 2 ani",OTC,M01AE01
IBUPROM 200 mg,IBUPROFENUM,CAPS. MOI,,US PHARMACIA SP. Z.O.O. - POLONIA,"Cutie x 1 blist. PVC-PVDC/Al x 12
caps. moi - 2 ani",OTC,M01AE01
IBUPROM 200 mg,IBUPROFENUM,CAPS. MOI,,US PHARMACIA SP. Z.O.O. - POLONIA,"Cutie x 2 blist. PVC-PVDC/Al x 12
caps. moi - 2 ani",OTC,M01AE01
IBUPROM 200 mg,IBUPROFENUM,CAPS. MOI,,US PHARMACIA SP. Z.O.O. - POLONIA,"Cutie x 3 blist. PVC-PVDC/Al x 10
caps. moi - 2 ani",OTC,M01AE01
IBUPROM SINUS 200 mg/30 mg,COMBINATII (IBUPROFENUM+PSEUDOEFED RINUM),DRAJ.,200mg/30mg,US PHARMACIA SP. Z.O.O. - POLONIA,Cutie cu 1 blist. Al/PVC x 6 draj. - 3 ani,OTC,R01BA52
IBUPROM SINUS 200 mg/30 mg,COMBINATII (IBUPROFENUM+PSEUDOEFED RINUM),DRAJ.,200mg/30mg,US PHARMACIA SP. Z.O.O. - POLONIA,"Cutie cu 1 blist. Al/PVC x 12 draj. - 3
ani",OTC,R01BA52
IBUPROM SINUS 200 mg/30 mg,COMBINATII (IBUPROFENUM+PSEUDOEFED RINUM),DRAJ.,200mg/30mg,US PHARMACIA SP. Z.O.O. - POLONIA,"Cutie cu 2 blist. Al/PVC x 12 draj. - 3
ani",OTC,R01BA52
IBUSINUS 200 mg/30 mg,COMBINATII,COMPR. FILM.,,"SOLACIUM PHARMA S.R.L. -
ROMANIA","Cutie cu 2 blist. PVC/Al x 10 compr.
film. - 3 ani",OTC,R01BA52
IBUTOP GEL,IBUPROFENUM,GEL,50mg/g,DOLORGIET GMBH & CO. KG - GERMANIA,Cutie x 1 tub din Al x 50 g gel - 3 ani,OTC,M02AA13
IBUTOP GEL,IBUPROFENUM,GEL,50mg/g,DOLORGIET GMBH & CO. KG - GERMANIA,Cutie x 1 tub din Al x 100 g gel - 3 ani,OTC,M02AA13
IMODIUM,LOPERAMIDUM,CAPS.,2mg,MCNEIL PRODUCTS LIMITED C/O,Cutie x 1 blist. Al/PVC x 6 caps. - 5 ani,OTC,A07DA03
Denumirea comerciala,DCI,Forma,Conc,Firma / Tara detinatoare,Ambalaj,Pres.,ATC
Denumirea comerciala,DCI,Forma,Conc,Firma / Tara detinatoare,,,
INDOMETACIN HYPERION,INDOMETACINUM,UNGUENT,40mg/g,HYPERION SA - ROMANIA,"Cutie x 1 tub din Al x 25 g unguent - 3
ani",OTC,M02AA23
INDOMETACIN HYPERION,INDOMETACINUM,UNGUENT,40mg/g,HYPERION SA - ROMANIA,"Cutie x 1 tub din Al x 40 g unguent - 3
ani",OTC,M02AA23
INDOMETACIN MK,INDOMETACINUM,CREMA,4%,"FITERMAN PHARMA S.R.L. -
ROMANIA",Cutie x 1 tub din Al x 35 g - 3 ani,OTC,M02AA23
INDOSIN GEL,INDOMETACINUM,GEL,2%,SINTOFARM SA - ROMANIA,Cutie x 1 tub x 40 g - 2 ani,OTC,M02AA23
INFLANOR 200 mg,IBUPROFENUM,CAPS. MOI,200mg,ALVOGEN IPCO S.AR.L. - LUXEMBOURG,"Cutie cu blist. Al/PVC x 10 caps. moi -
3 ani",OTC,M01AE01
INFLANOR 200 mg,IBUPROFENUM,CAPS. MOI,200mg,ALVOGEN IPCO S.AR.L. - LUXEMBOURG,"Cutie cu blist. Al/PVC x 12 caps. moi -
3 ani",OTC,M01AE01
INFLANOR 200 mg,IBUPROFENUM,CAPS. MOI,200mg,ALVOGEN IPCO S.AR.L. - LUXEMBOURG,"Cutie cu blist. Al/PVDC x 10 caps. moi
- 3 ani",OTC,M01AE01
INFLANOR 200 mg,IBUPROFENUM,CAPS. MOI,200mg,ALVOGEN IPCO S.AR.L. - LUXEMBOURG,"Cutie cu blist. Al/PVDC x 12 caps. moi
- 3 ani",OTC,M01AE01
INFLANOR 400 mg,IBUPROFENUM,CAPS. MOI,400mg,ALVOGEN IPCO S.AR.L. - LUXEMBOURG,"Cutie cu blist. Al/PVC x 10 caps. moi -
3 ani",OTC,M01AE01
INFLANOR 400 mg,IBUPROFENUM,CAPS. MOI,400mg,ALVOGEN IPCO S.AR.L. - LUXEMBOURG,"Cutie cu blist. Al/PVC x 12 caps. moi -
3 ani",OTC,M01AE01
INFLANOR 400 mg,IBUPROFENUM,CAPS. MOI,400mg,ALVOGEN IPCO S.AR.L. - LUXEMBOURG,"Cutie cu blist. Al/PVDC x 10 caps. moi
- 3 ani",OTC,M01AE01
INFLANOR 400 mg,IBUPROFENUM,CAPS. MOI,400mg,ALVOGEN IPCO S.AR.L. - LUXEMBOURG,"Cutie cu blist. Al/PVDC x 12 caps. moi
- 3 ani",OTC,M01AE01
INFLUBENE 1000 mg/12.2 mg,COMBINATII,PULB. PT. SOL. ORALA,1000mg/12.2m g,"TEVA PHARMACEUTICALS S.R.L.
- ROMANIA","Cutie cu 10 plicuri din hartie/adeziv sau PE/Al si un strat de etansare. cu pulb. pt. sol. orala - 2 ani-dupa ambalarea pentru comercializare;dupa
reconstituire-60 minute",OTC,N02BE51
INFLUBENE 500 mg/12.2 mg,COMBINATII,PULB. PT. SOL. PERF.,500mg/12.2mg,"TEVA PHARMACEUTICALS S.R.L.
- ROMANIA","Cutie cu 6 plicuri din hartie/PE/Al cu pulb. pt. sol. orala - 2 ani-dupa ambalarea pt. comercializare; dupa
reconstituire-60 minute",OTC,N02BE51
INFLUBENE 500 mg/12.2 mg,COMBINATII,PULB. PT. SOL. PERF.,500mg/12.2mg,"TEVA PHARMACEUTICALS S.R.L.
- ROMANIA","Cutie cu 8 plicuri din hartie/PE/Al cu pulb. pt. sol. orala - 2 ani-dupa ambalarea pt. comercializare; dupa
reconstituire-60 minute",OTC,N02BE51
INFLUBENE 500 mg/12.2 mg,COMBINATII,PULB. PT. SOL. PERF.,500mg/12.2mg,"TEVA PHARMACEUTICALS S.R.L.
- ROMANIA","Cutie cu 10 plicuri din hartie/PE/Al cu
pulb. pt. sol. orala - 2 ani-dupa",OTC,N02BE51
Denumirea comerciala,DCI,Forma,Conc,Firma / Tara detinatoare,Ambalaj,Pres.,ATC
Denumirea comerciala,DCI,Forma,Conc,Firma / Tara detinatoare,"ambalarea pt. comercializare; dupa
reconstituire-60 minute",,
Denumirea comerciala,DCI,Forma,Conc,Firma / Tara detinatoare,"Cutie cu 12 plicuri din hartie/PE/Al cu pulb. pt. sol. orala - 2 ani-dupa ambalarea pt. comercializare; dupa
reconstituire-60 minute",OTC,N02BE51
Denumirea comerciala,DCI,Forma,Conc,Firma / Tara detinatoare,"Cutie cu 14 plicuri din hartie/PE/Al cu pulb. pt. sol. orala - 2 ani-dupa ambalarea pt. comercializare; dupa
reconstituire-60 minute",OTC,N02BE51
Denumirea comerciala,DCI,Forma,Conc,Firma / Tara detinatoare,"Cutie cu 16 plicuri din hartie/PE/Al cu pulb. pt. sol. orala - 2 ani-dupa ambalarea pt. comercializare; dupa
reconstituire-60 minute",OTC,N02BE51
Denumirea comerciala,DCI,Forma,Conc,Firma / Tara detinatoare,"Cutie cu 20 plicuri din hartie/PE/Al cu pulb. pt. sol. orala - 2 ani-dupa ambalarea pt. comercializare; dupa
reconstituire-60 minute",OTC,N02BE51
INFLUCID,HOMEOPATE,COMPR.,,"DEUTCHE HOMOOPATHIE UNION
- GERMANIA",Cutie x 3 blist. x 20 compr. - 3 ani,OTC,XRNIT
IODINA,POVIDONUM IODINATUM,SOL. CUT.,10%,TIS FARMACEUTIC SA - ROMANIA,"Cutie x 1 flacon din PE x 100 ml sol.
cut. - 2 ani",OTC,D08AG02
IODINA,POVIDONUM IODINATUM,SOL. CUT.,10%,TIS FARMACEUTIC SA - ROMANIA,"Cutie x 1 flacon din PE x 1000 ml sol.
cut. - 2 ani",OTC,D08AG02
IODINA,POVIDONUM IODINATUM,SOL. CUT.,10%,TIS FARMACEUTIC SA - ROMANIA,"Cutie x 1 flacon din PE x 60 ml sol.
cut. - 2 ani",OTC,D08AG02
IODOSEPT®,POVIDONUM IODINATUM,SOL. CUT.,,"GEDEON RICHTER ROMANIA S.A.
- ROMANIA","Cutie x 1 flacon din sticla bruna x 40  g. prevazut cu aplicator pt. picurare - 2
ani",OTC,D08AG02
IODOSEPT®,POVIDONUM IODINATUM,SOL. CUT.,,"GEDEON RICHTER ROMANIA S.A.
- ROMANIA","Cutie x 1 flacon din sticla bruna x 400
g - 2 ani",OTC,D08AG02
IODURA DE POTASIU G.L. PHARMA 65 mg,KALII IODIDUM,COMPR.,65mg,G.L. PHARMA GMBH - AUSTRIA,"Cutie cu blist. PVC-PVDC/Al x 2
compr. - 5 ani",OTC,V03AB21
IODURA DE POTASIU G.L. PHARMA 65 mg,KALII IODIDUM,COMPR.,65mg,G.L. PHARMA GMBH - AUSTRIA,"Cutie cu blist. PVC-PVDC/Al x 6
compr. - 5 ani",OTC,V03AB21
IODURA DE POTASIU G.L. PHARMA 65 mg,KALII IODIDUM,COMPR.,65mg,G.L. PHARMA GMBH - AUSTRIA,"Cutie cu blist. PVC-PVDC/Al x 10
compr. - 5 ani",OTC,V03AB21
IODURA DE POTASIU G.L. PHARMA 65 mg,KALII IODIDUM,COMPR.,65mg,G.L. PHARMA GMBH - AUSTRIA,"Cutie cu blist. PVC-PVDC/Al x 20
compr. - 5 ani",OTC,V03AB21
KALOBA  80g/100g,PLANTE,PIC. ORALE. SOL.,80g/100g,DR. WILLMAR SCHWABE GMBH &,Cutie x 1 flac. din sticla bruna x 20 ml,OTC,R07AXN5
Denumirea comerciala,DCI,Forma,Conc,Firma / Tara detinatoare,Ambalaj,Pres.,ATC
Denumirea comerciala,DCI,Forma,Conc,Firma / Tara detinatoare,"pic. orale. sol.. prev. cu picurator - 2 ani/ 6 luni dupa prima deschidere a
flaconului",,
Denumirea comerciala,DCI,Forma,Conc,Firma / Tara detinatoare,"Cutie x 1 flac. din sticla bruna x 50 ml pic. orale. sol.. prev. cu picurator - 2 ani/ 6 luni dupa prima deschidere a
flaconului",OTC,R07AXN5
KAMISTAD GEL,COMBINATII,GEL,,"STADA ARZNEIMITTEL AG -
GERMANIA",Cutie x 1 tub Al x 10 g - 3 ani,OTC,A01AD11
KERATOP,COMBINATII,UNGUENT,,SLAVIA PHARM SRL - ROMANIA,Cutie x 1 tub Al x 40 g - 2 ani,OTC,D11AFN2
KETO - TIS,KETOCONAZOLUM,GEL CAPILAR,1g/20g,TIS FARMACEUTIC S.A. - ROMANIA,"Cutie x 1 tub laminat. multistratificat din PE-Co-Al-Co x 50 g gel capilar - 2
ani",OTC,D01AC08
"KETOPROFEN HYPERION 25
mg/g",KETOPROFENUM,GEL,25mg/g,HYPERION S.A. - ROMANIA,Cutie x 1 tub din Al x 40 g gel - 3 ani,OTC,M02AA10
KLIMAKTOPLANT H,COMBINATII,COMPR.,,"DEUTSCHE
HOMOOPATHIE-UNION - GERMANIA",Cutie cu 5 blist. Al/PVC x 20 compr. - 5 ani,OTC,XRNIT
KREON 10000,PANCREATINUM,CAPS. GASTROREZ.,150mg,ABBOTT LABORATORIES GMBH - GERMANIA,"Cutie x 2 blist. PVC/PVDC-Al x 10
caps. gastrorez. - 2 ani",OTC,A09AA02
KREON 10000,PANCREATINUM,CAPS. GASTROREZ.,150mg,ABBOTT LABORATORIES GMBH - GERMANIA,"Flacon din PEID cu 20 caps.
gastrorez. - 2 ani",OTC,A09AA02
KREON 10000,PANCREATINUM,CAPS. GASTROREZ.,150mg,ABBOTT LABORATORIES GMBH - GERMANIA,"Flacon din PEID cu 50 caps.
gastrorez. - 2 ani",OTC,A09AA02
KREON 10000,PANCREATINUM,CAPS. GASTROREZ.,150mg,ABBOTT LABORATORIES GMBH - GERMANIA,"Flacon din PEID cu 100 caps.
gastrorez. - 2 ani",OTC,A09AA02
KREON 25000,PANCREATINUM,CAPS. GASTROREZ.,300mg,ABBOTT  LABORATORIES GMBH - GERMANIA,"Cutie x 2 blist. PVC/PVDC-Al x 10
caps. gastrorez. - 3 ani",OTC,A09AA02
KREON 25000,PANCREATINUM,CAPS. GASTROREZ.,300mg,ABBOTT  LABORATORIES GMBH - GERMANIA,"Flacon din PEID cu 20 caps.
gastrorez. - 3 ani",OTC,A09AA02
KREON 25000,PANCREATINUM,CAPS. GASTROREZ.,300mg,ABBOTT  LABORATORIES GMBH - GERMANIA,"Flacon din PEID cu 50 caps.
gastrorez. - 3 ani",OTC,A09AA02
KREON 25000,PANCREATINUM,CAPS. GASTROREZ.,300mg,ABBOTT  LABORATORIES GMBH - GERMANIA,"Flacon din PEID cu 100 caps.
gastrorez. - 3 ani",OTC,A09AA02
LACRYVISC®,DIVERSE,GEL OFT.,0.30%,LAB. ALCON - FRANTA,"Cutie x 1 tub Al cu varf aplicator x 10 g
- 2 ani",OTC,S01XA20
LACTULADE 650 mg/ml,LACTULOSUM,GEL ORAL,650mg/ml,MIP PHARMA GMBH - GERMANIA,"Cutie cu 1 borcan din PET cu capac din PP x 100 mg gel oral + 1 lingurita dozatoare din PP de 5 ml - 3 ani-dupa
ambalarea pt. comercializare; dupa",OTC,A06AD11
Denumirea comerciala,DCI,Forma,Conc,Firma / Tara detinatoare,Ambalaj,Pres.,ATC
Denumirea comerciala,DCI,Forma,Conc,Firma / Tara detinatoare,"prima deschidere a borcanului-6
saptamani",,
Denumirea comerciala,DCI,Forma,Conc,Firma / Tara detinatoare,"Cutie cu 1 borcan din PET cu capac din PP x 200 mg gel oral + 1 lingurita dozatoare din PP de 5 ml - 3 ani-dupa ambalarea pt. comercializare; dupa prima deschidere a borcanului-6
saptamani",OTC,A06AD11
Denumirea comerciala,DCI,Forma,Conc,Firma / Tara detinatoare,"Cutie cu 1 borcan din PET cu capac din PP x 500 mg gel oral + 1 lingurita dozatoare din PP de 5 ml - 3 ani-dupa ambalarea pt. comercializare; dupa prima deschidere a borcanului-6
saptamani",OTC,A06AD11
LAMISIL DERMGEL,TERBINAFINUM,GEL,1%,NOVARTIS CONSUMER HEALTH GMBH - GERMANIA,"Cutie x 1 tub din Al x 15 g gel - 3 ani - dupa ambalare pt. comercializare; 16
sapt. dupa prima deschidere a tubului",OTC,D01AE15
LAMISIL DERMGEL,TERBINAFINUM,GEL,1%,NOVARTIS CONSUMER HEALTH GMBH - GERMANIA,"Cutie x 1 tub din Al x 30 g gel - 3 ani - dupa ambalare pt. comercializare; 16
sapt. dupa prima deschidere a tubului",OTC,D01AE15
LAMISIL UNIDOSE 1%,TERBINAFINUM,SOL. CUT.,,"NOVARTIS CONSUMER HEALTH
GMBH - GERMANIA","Cutie x 1 tub unidoza x 4 g sol. cut. - 3
ani",OTC,D01AE15
LAMISIL® crema,TERBINAFINUM,CREMA,,"NOVARTIS CONSUMER HEALTH
GMBH - GERMANIA",Cutie x 1 tub Al x 15 g - 5 ani,OTC,D01AE15
LAMITER CREMA 10 mg/g,TERBINAFINUM,CREMA,10mg/g,HYPERION S.A. - ROMANIA,"Cutie x 1 tub din Al x 15 g crema - 3
ani",OTC,D01AE15
LAROFEN 200 mg,IBUPROFENUM,COMPR. FILM.,200mg,LAROPHARM S.R.L. - ROMANIA,"Cutie x 2 blist. Al/PVC x 10 compr.
film. - 2 ani",OTC,M01AE01
LAROFEN 50 mg/g,IBUPROFENUM,GEL,50mg/g,LAROPHARM S.R.L. - ROMANIA,Cutie x 1 tub din Al x 40g gel - 2 ani,OTC,M02AA13
"LAROFEN PENTRU COPII 100
mg/5 ml",IBUPROFENUM,SUSP. ORALA,100mg/5ml,LAROPHARM S.R.L. - ROMANIA,"Cutie cu 1 flac. din sticla bruna a 100 ml susp. orala + 1 seringa dozatoare (5 ml) din PE cu piston din polistiren - 2 ani-dupa ambalarea pt. comericalizare; dupa prma deschidere
a flac.-3 luni",OTC,M01AE01
LAROFEN PLUS,COMBINATII,COMPR. FILM.,200mg/30mg,LAROPHARM S.R.L. - ROMANIA,"Cutie x 2 blist. Al/PVC x 10 compr.
film. - 3 ani",OTC,R01BA52
LAXAMAG 10 mg,BISACODYLUM,SUPOZ.,10mg,MAGISTRA C&C S.R.L. - ROMANIA,"Cutie cu 2 blist. PVC/PE x 3 supoz. - 2
ani",OTC,A06AB02
LETIZEN® 10 mg,CETIRIZINUM,COMPR. FILM.,,KRKA D.D. - SLOVENIA,Cutie x 1 blist. x 10 compr. film. - 5 ani,OTC,R06AE07
Denumirea comerciala,DCI,Forma,Conc,Firma / Tara detinatoare,Ambalaj,Pres.,ATC
LIOTON GEL,HEPARINUM,GEL,100000ui,A. MENARINI INDUSTRIE FARMACEUTICHE RIUNITE SRL - ITALIA,Cutie x 1 tub Al x 50 g gel - 5 ani,OTC,C05BA03
LIOTON GEL,HEPARINUM,GEL,100000ui,A. MENARINI INDUSTRIE FARMACEUTICHE RIUNITE SRL - ITALIA,Cutie x 1 tub Al x 20 g gel - 5 ani,OTC,C05BA03
LIOTON GEL,HEPARINUM,GEL,100000ui,A. MENARINI INDUSTRIE FARMACEUTICHE RIUNITE SRL - ITALIA,Cutie x 1 tub Al x 100 g gel - 5 ani,OTC,C05BA03
LIOTON GEL,HEPARINUM,GEL,100000ui,A. MENARINI INDUSTRIE FARMACEUTICHE RIUNITE SRL - ITALIA,Cutie x 1 tub Al x 30 g gel - 5 ani,OTC,C05BA03
LOPEDIUM,LOPERAMIDUM,CAPS.,2mg,HEXAL AG - GERMANIA,Cutie x 1 blist. PP/Al x 10 caps. - 5 ani,OTC,A07DA03
LOPEDIUM,LOPERAMIDUM,CAPS.,2mg,HEXAL AG - GERMANIA,Cutie x 1 blist. PP/Al x 6 caps. - 5 ani,OTC,A07DA03
LOPEGEN 2 mg,LOPERAMIDUM,CAPS.,,"LABORMED PHARMA SA -
ROMANIA","Cutie x 1 blist. PVC/Al x 10 caps. - 2
ani",OTC,A07DA03
LOPEMIDOL 2 mg,LOPERAMIDUM,COMPR.,,BIOFARM SA - ROMANIA,"Cutie cu 1 blist. PVC-PVDC/Al x 10
compr. - 2 ani",OTC,A07DA03
LOPEMIDOL 2 mg,LOPERAMIDUM,COMPR.,,BIOFARM SA - ROMANIA,"Cutie cu 1 blist. PVC-PVDC/Al x 20
compr. - 2 ani",OTC,A07DA03
LOPERAMID  LAROPHARM 2 mg,LOPERAMIDUM,CAPS.,,LAROPHARM SRL - ROMANIA,"Cutie x 1 blist. Al/PVC x 10 caps. - 3
ani",OTC,A07DA03
LOPERAMID BIOEEL 2 mg,LOPERAMIDUM,COMPR.,,BIO EEL S.R.L. - ROMANIA,"Cutie cu 1 blist. Al/PVC-PVdC x 8
compr. - 3 ani",OTC,A07DA03
LOPERAMID BIOEEL 2 mg,LOPERAMIDUM,COMPR.,,BIO EEL S.R.L. - ROMANIA,"Cutie cu 1 blist. Al/PVC-PVdC x 10
compr. - 3 ani",OTC,A07DA03
LOPERAMID BIOFARM 1mg/5ml,LOPERAMIDUM,SOL. ORALA,1mg/5ml,BIOFARM S.A. - ROMANIA,"Cutie x 1 flac. din sticla bruna x 100 ml
sol. orala + masura dozatoare - 3 ani",OTC,A07DA03
"LOPERAMID LAROPHARM 1 mg/5
ml",LOPERAMIDUM,SOL. ORALA,,LAROPHARM S.R.L. - ROMANIA,"Cutie cu 1 flac. din PVC de culoare bruna a 50 ml sol. orala si lingurita dubla dozatoare. din polistiren (2.5 ml si 5 ml) - 2 ani-dupa ambalarea pt. comercializare;dupa prima deschidere
a flac.-28 zile",OTC,A07DA03
LOPERAMID REMEDIA 2 mg,LOPERAMIDUM,CAPS.,2mg,REMEDIA SRL - ROMANIA,Cutie x 2 blist. PVC/Al x 5 caps. - 2 ani,OTC,A07DA03
LOPERAMID SLAVIA 2 mg,LOPERAMIDUM,CAPS.,,SLAVIA PHARM S.R.L. - ROMANIA,"Cutie cu 1 blist. PVC/Al x 10 compr. -
3 ani",OTC,A07DA03
LOPERAMID SOLACIUM 2 mg,LOPERAMIDUM,CAPS.,,"SOLACIUM PHARMA S.R.L. -
ROMANIA","Cutie cu 1 blist. Al/PVC x 10 caps. - 3
ani",OTC,A07DA03
LOPERAMID TERAPIA 2 mg,LOPERAMIDUM,CAPS.,,TERAPIA S.A. - ROMANIA,"Cutie cu 1 1 blist. PVC/Al x 10 caps. -
3 ani",OTC,A07DA03
"LOPERAMID VIM SPECTRUM 2
mg",LOPERAMIDUM,CAPS.,,"VIM SPECTRUM S.R.L. -
ROMANIA","Cutie cu 1 blist. PVC/Al x 10 caps. - 3
ani",OTC,A07DA03
LOPRID 2 mg,LOPERAMIDUM,COMPR.,,AC HELCOR SRL - ROMANIA,"Cutie cu 2 blist. PVC/Al x 10 compr. -
4 ani",OTC,A07DA03
LOPRID 2 mg,LOPERAMIDUM,COMPR.,,AC HELCOR SRL - ROMANIA,Cutie cu 1 blist. PVC/Al x 10 compr. -,OTC,A07DA03
Denumirea comerciala,DCI,Forma,Conc,Firma / Tara detinatoare,Ambalaj,Pres.,ATC
Denumirea comerciala,DCI,Forma,Conc,Firma / Tara detinatoare,4 ani,,
LORASTAMIN 10 mg,LORATADINUM,COMPR.,10mg,AC HELCOR SRL - ROMANIA,"Cutie x 1 blist. Al/PVC x 10 compr. - 4
ani",OTC,R06AX13
LORASTAMIN 10 mg,LORATADINUM,COMPR.,10mg,AC HELCOR SRL - ROMANIA,"Cutie x 100 blist. Al/PVC x 10 compr. -
4 ani",OTC/S,R06AX13
LORATADIN FABIOL 10 mg,LORATADINUM,COMPR.,,FABIOL S.A. - ROMANIA,"Cutie x 1 blist. PVC/Al x 10 compr. - 2
ani",OTC,R06AX13
"LORATADIN VIM SPECTRUM 10
mg",LORATADINUM,COMPR.,,"VIM SPECTRUM S.R.L. -
ROMANIA","Cutie cu 1 blist. Al/PVC x 10 compr. -
3 ani",OTC,R06AX13
LORATADINA ARENA 10 mg,LORATADINUM,COMPR.,,ARENA GROUP SA - ROMANIA,"Cutie x 1 blist. PVC/Al x 10 compr. - 3
ani",OTC,R06AX13
LORATADINA LPH 10 mg,LORATADINUM,COMPR.,,"LABORMED PHARMA S.A. -
ROMANIA","Cutie cu 1 blist. PVC/Al x 10 compr. -
2 ani",OTC,R06AX13
LOSILANE 2 mg/125 mg,COMBINATII (LOPERAMIDUM+SIMETHICONU M),COMPR.,2mg/125mg,DISPHAR INTERNATIONAL BV - OLANDA,Cutie cu blist. PVC-PVDC/Al x 6 compr. - 2 ani,OTC,A07DA53
LOSILANE 2 mg/125 mg,COMBINATII (LOPERAMIDUM+SIMETHICONU M),COMPR.,2mg/125mg,DISPHAR INTERNATIONAL BV - OLANDA,"Cutie cu blist. PVC-PVDC/Al x 8
compr. - 2 ani",OTC,A07DA53
LOSILANE 2 mg/125 mg,COMBINATII (LOPERAMIDUM+SIMETHICONU M),COMPR.,2mg/125mg,DISPHAR INTERNATIONAL BV - OLANDA,"Cutie cu blist. PVC-PVDC/Al x 10
compr. - 2 ani",OTC,A07DA53
LOSILANE 2 mg/125 mg,COMBINATII (LOPERAMIDUM+SIMETHICONU M),COMPR.,2mg/125mg,DISPHAR INTERNATIONAL BV - OLANDA,"Cutie cu blist. PVC-PVDC/Al x 12
compr. - 2 ani",OTC,A07DA53
LOSILANE 2 mg/125 mg,COMBINATII (LOPERAMIDUM+SIMETHICONU M),COMPR.,2mg/125mg,DISPHAR INTERNATIONAL BV - OLANDA,"Cutie cu blist. PVC-PVDC/Al x 15
compr. - 2 ani",OTC,A07DA53
LOSILANE 2 mg/125 mg,COMBINATII (LOPERAMIDUM+SIMETHICONU M),COMPR.,2mg/125mg,DISPHAR INTERNATIONAL BV - OLANDA,"Cutie cu blist. PVC-PVDC/Al x 16
compr. - 2 ani",OTC,A07DA53
LOSILANE 2 mg/125 mg,COMBINATII (LOPERAMIDUM+SIMETHICONU M),COMPR.,2mg/125mg,DISPHAR INTERNATIONAL BV - OLANDA,"Cutie cu blist. PVC-PVDC/Al x 18
compr. - 2 ani",OTC,A07DA53
LOSILANE 2 mg/125 mg,COMBINATII (LOPERAMIDUM+SIMETHICONU M),COMPR.,2mg/125mg,DISPHAR INTERNATIONAL BV - OLANDA,"Cutie cu blist. PVC-PVDC/Al x 20
compr. - 2 ani",OTC,A07DA53
LOSILANE 2 mg/125 mg,COMBINATII (LOPERAMIDUM+SIMETHICONU M),COMPR.,2mg/125mg,DISPHAR INTERNATIONAL BV - OLANDA,"Cutie cu blist. PVC-PVDC/Al x 30
compr. - 2 ani",OTC,A07DA53
LOSILANE 2 mg/125 mg,COMBINATII (LOPERAMIDUM+SIMETHICONU M),COMPR.,2mg/125mg,DISPHAR INTERNATIONAL BV - OLANDA,"Cutie cu blist. PVC-Aclar/Al x 6 compr.
- 2 ani",OTC,A07DA53
LOSILANE 2 mg/125 mg,COMBINATII (LOPERAMIDUM+SIMETHICONU M),COMPR.,2mg/125mg,DISPHAR INTERNATIONAL BV - OLANDA,"Cutie cu blist. PVC-Aclar/Al x 8 compr.
- 2 ani",OTC,A07DA53
LOSILANE 2 mg/125 mg,COMBINATII (LOPERAMIDUM+SIMETHICONU M),COMPR.,2mg/125mg,DISPHAR INTERNATIONAL BV - OLANDA,"Cutie cu blist. PVC-Aclar/Al x 10
compr. - 2 ani",OTC,A07DA53
LOSILANE 2 mg/125 mg,COMBINATII (LOPERAMIDUM+SIMETHICONU M),COMPR.,2mg/125mg,DISPHAR INTERNATIONAL BV - OLANDA,"Cutie cu blist. PVC-Aclar/Al x 12
compr. - 2 ani",OTC,A07DA53
Denumirea comerciala,DCI,Forma,Conc,Firma / Tara detinatoare,Ambalaj,Pres.,ATC
Denumirea comerciala,DCI,Forma,Conc,Firma / Tara detinatoare,"Cutie cu blist. PVC-Aclar/Al x 15
compr. - 2 ani",OTC,A07DA53
Denumirea comerciala,DCI,Forma,Conc,Firma / Tara detinatoare,"Cutie cu blist. PVC-Aclar/Al x 16
compr. - 2 ani",OTC,A07DA53
Denumirea comerciala,DCI,Forma,Conc,Firma / Tara detinatoare,"Cutie cu blist. PVC-Aclar/Al x 18
compr. - 2 ani",OTC,A07DA53
Denumirea comerciala,DCI,Forma,Conc,Firma / Tara detinatoare,"Cutie cu blist. PVC-Aclar/Al x 20
compr. - 2 ani",OTC,A07DA53
Denumirea comerciala,DCI,Forma,Conc,Firma / Tara detinatoare,"Cutie cu blist. PVC-Aclar/Al x 30
compr. - 2 ani",OTC,A07DA53
MAALOX,COMBINATII,SUSP. ORALA,,NYCOMED GmbH - GERMANIA,"Cutie x 1 flacon din sticla bruna x 250
ml susp.orala - 3 ani",OTC,A02AD01
MAALOX®,COMBINATII,COMPR. MAST.,,NYCOMED GmbH - GERMANIA,"Cutie x 4 blist. Al/PVC x 10 compr.
mast. - 5 ani",OTC,A02AD01
MAGNE B6,COMBINATII,DRAJ.,,"SANOFI-AVENTIS ROMANIA
S.R.L. - ROMANIA","Cutie cu 5 blist. PVC/Al x 10 draj. - 2
ani",OTC,A12CC30
MAGNE B6 100 mg/10 mg,COMBINATII,SOL. ORALA,100mg/10mg,"SANOFI-AVENTIS ROMANIA
S.R.L. - ROMANIA","Cutie x 10 fiole buv. de culoare bruna
x 10ml sol. orala - 3 ani",OTC,A12CC30
"MAGNE B6 PREMIUM
100mg/10mg",COMBINATII,COMPR. FILM.,,"SANOFI-AVENTIS ROMANIA
S.R.L. - ROMANIA","Cutie x 2 blist. PVC-PE-PVDC/Al x 15
compr. film. - 2 ani",OTC,A12CC30
"MAGNE B6 PREMIUM
100mg/10mg",COMBINATII,COMPR. FILM.,,"SANOFI-AVENTIS ROMANIA
S.R.L. - ROMANIA","Cutie x 4 blist. PVC-PE-PVDC/Al x 15
compr. film. - 2 ani",OTC,A12CC30
MAGNEBENE 470 mg/5 mg,COMBINATII,DRAJ.,470mg/5mg,BIOFARM S.A. - ROMANIA,"Cutie cu 5 blist. PVC/Al x 10 drajeuri -
2 ani",OTC,A12CC30
MAGNEROT®,MAGNESII OROTAS,COMPR.,500mg,WORWAG PHARMA GMBH & CO. KG - GERMANIA,"Cutie x 2 blist. PVC-PVDC/Al x 10
compr. - 5 ani",OTC,A12CC09
MAGNEROT®,MAGNESII OROTAS,COMPR.,500mg,WORWAG PHARMA GMBH & CO. KG - GERMANIA,"Cutie x 5 blist. PVC-PVDC/Al x 10
compr. - 5 ani",OTC,A12CC09
MAGNEROT®,MAGNESII OROTAS,COMPR.,500mg,WORWAG PHARMA GMBH & CO. KG - GERMANIA,"Cutie x 5 blist. PVC-PVDC/Al x 20
compr. - 5 ani",OTC,A12CC09
MAGNEROT®,MAGNESII OROTAS,COMPR.,500mg,WORWAG PHARMA GMBH & CO. KG - GERMANIA,"Cutie x 10 blist. PVC-PVDC/Al x 20
compr. - 5 ani",OTC,A12CC09
MAGNESIUM 120 mg,COMBINATII,COMPR. MAST.,120mg,NYCOMED PHARMA AS - NORVEGIA,"Flacon din PEID x  60 compr. mast. - 3
ani",OTC,A12CC30
MAGNESIUM 120 mg,COMBINATII,COMPR. MAST.,120mg,NYCOMED PHARMA AS - NORVEGIA,"Flacon din PEID x  20 compr. mast. - 3
ani",OTC,A12CC30
MAGNESIX-RICHTER,COMBINATII,COMPR. FILM.,,"GEDEON RICHTER ROMANIA S.A.
- ROMANIA","Cutie x 1 blist. Al/PVC x 10 compr. - 2
ani",OTC,A12CC30
MAGNESIX-RICHTER,COMBINATII,COMPR. FILM.,,"GEDEON RICHTER ROMANIA S.A.
- ROMANIA","Cutie x 3 blist. Al/PVC x 10 compr. - 2
ani",OTC,A12CC30
Denumirea comerciala,DCI,Forma,Conc,Firma / Tara detinatoare,Ambalaj,Pres.,ATC
Denumirea comerciala,DCI,Forma,Conc,Firma / Tara detinatoare,"Cutie x 6 blist. Al/PVC x 10 compr. - 2
ani",OTC,A12CC30
MAGNEVIT 445 mg/50 mg,COMBINATII,COMPR.,445mg/50mg,ARENA GROUP S.A. - ROMANIA,"Cutie cu 1 flac. PEID x 25 compr. - 3
ani",OTC,A12CC30
MAGNEVIT 445 mg/50 mg,COMBINATII,COMPR.,445mg/50mg,ARENA GROUP S.A. - ROMANIA,"Cutie cu 3 blist. PVC/Al x 10 compr. -
3 ani",OTC,A12CC30
MALUCOL,COMBINATII,COMPR. MAST.,,LABORMED PHARMA SA - ROMANIA,"Cutie x 6 blist. x 10 compr. mast. - 3
ani",OTC,A02AD01
MALUCOL,COMBINATII,COMPR. MAST.,,LABORMED PHARMA SA - ROMANIA,"Cutie x 100 blist. x 10 compr. mast. - 3
ani",OTC/S,A02AD01
MALUCOL,COMBINATII,COMPR. MAST.,,LABORMED PHARMA SA - ROMANIA,"Cutie x 2 blist. x 10 compr. mast. - 3
ani",OTC,A02AD01
MARKOTON GEL,COMBINATII (HEPARINUM+DEXPANTENOLU M),GEL,,FITERMAN PHARMA S.R.L. - ROMANIA,Cutie x 1 tub din Al x 25 g gel - 2 ani,OTC,C05BA53
MARKOTON GEL,COMBINATII (HEPARINUM+DEXPANTENOLU M),GEL,,FITERMAN PHARMA S.R.L. - ROMANIA,Cutie x 1 tub din Al x 45 g gel - 2 ani,OTC,C05BA53
MARKOTON GEL,COMBINATII (HEPARINUM+DEXPANTENOLU M),GEL,,FITERMAN PHARMA S.R.L. - ROMANIA,Cutie x 1 tub din Al x 100 g gel - 2 ani,OTC,C05BA53
MASTODYNON,HOMEOPATE,COMPR.,,BIONORICA SE - GERMANIA,"Cutie cu 3 blist. PVC-PVDC/Al x 20
compr. - 3 ani",OTC,XRNIT
MASTODYNON,HOMEOPATE,COMPR.,,BIONORICA SE - GERMANIA,"Cutie cu 6 blist. PVC-PVDC/Al x 20
compr. - 3 ani",OTC,XRNIT
MASTODYNON,HOMEOPATE,COMPR.,,BIONORICA SE - GERMANIA,"Cutie cu 12 blist. PVC-PVDC/Al x 20
compr. - 3 ani",OTC,XRNIT
MASTODYNON,HOMEOPATE,PICATURI ORALE. SOL.,,BIONORICA SE - GERMANIA,"Cutie cu 1 flac. din sticla bruna x 50 ml
pic. orale. sol. + picurator - 3 ani",OTC,XRNIT
MASTODYNON,HOMEOPATE,PICATURI ORALE. SOL.,,BIONORICA SE - GERMANIA,"Cutie cu 1 flac. din sticla bruna x 100
ml pic. orale. sol. + picurator - 3 ani",OTC,XRNIT
MEDITONSINMED,HOMEOPATE,PIC. ORALE. SOL.,,PROMOMED SRL - ROMANIA,"Cutie cu 1 flac. din sticla bruna. prevazut cu picurator din PEJD si capac din PP a 35 g pic. orale. sol. - 3 ani-dupa ambalarea pt. comercializare;dupa prima
deschidere-se utilizeaza imediat",OTC,R02AH
MEDITONSINMED,HOMEOPATE,PIC. ORALE. SOL.,,PROMOMED SRL - ROMANIA,"Cutie cu 1 flac. din sticla bruna. prevazut cu picurator din PEJD si capac din PP a 70 g pic. orale. sol. - 3 ani-dupa ambalarea pt. comercializare;dupa prima
deschidere-se utilizeaza imediat",OTC,R02AH
MEGAMYLASE,ALFA-AMILAZA,SIROP,200U-CEIP/ml,LAB. LEURQUIN MEDIOLANUM -,Cutie x 1 flacon din sticla bruna x 125,OTC,R05XN02
Denumirea comerciala,DCI,Forma,Conc,Firma / Tara detinatoare,Ambalaj,Pres.,ATC
Denumirea comerciala,DCI,Forma,Conc,Firma / Tara detinatoare,ml sirop + masura dozatoare - 2 ani,,
Denumirea comerciala,DCI,Forma,Conc,Firma / Tara detinatoare,"Cutie x 1 flacon din sticla bruna x 250
ml sirop + masura dozatoare - 2 ani",OTC,R05XN02
METEOSPASMYL,COMBINATII,CAPS. MOI,,LAB. MAYOLY SPINDLER - FRANTA,"Cutie x 2 blist. Al/PVC x 10 caps. moi -
3 ani",OTC,A03AX58
METEOSPASMYL,COMBINATII,CAPS. MOI,,LAB. MAYOLY SPINDLER - FRANTA,"Cutie x 3 blist. Al/PVC x 10 caps. moi -
3 ani",OTC,A03AX58
MEZYM 25000,PANCREATINUM,CAPS. CU MINI-COMPR. GASTROREZ.,356.100mg,BERLIN-CHEMIE AG (MENARINI GROUP) - GERMANIA,Cutie cu 1 flac. din PP x 20 caps. cu mini-compr. gastrorez. - 2 ani,OTC,A09AA02
MEZYM 25000,PANCREATINUM,CAPS. CU MINI-COMPR. GASTROREZ.,356.100mg,BERLIN-CHEMIE AG (MENARINI GROUP) - GERMANIA,"Cutie cu 1 flac. din PP x 50 caps. cu
mini-compr. gastrorez. - 2 ani",OTC,A09AA02
MEZYM 25000,PANCREATINUM,CAPS. CU MINI-COMPR. GASTROREZ.,356.100mg,BERLIN-CHEMIE AG (MENARINI GROUP) - GERMANIA,"Cutie cu 1 flac. din PP x 100 caps. cu
mini-compr. gastrorez. - 2 ani",OTC,A09AA02
MEZYM FORTE 10000,PANCREATINUM,COMPR. GASTROREZ.,125mg,BERLIN-CHEMIE AG (MENARINI GROUP) - GERMANIA,"Cutie x 1 blist. Al-PVC-PA/Al x 10
compr. film. gastrorez. - 3 ani",OTC,A09AA02
MEZYM FORTE 10000,PANCREATINUM,COMPR. GASTROREZ.,125mg,BERLIN-CHEMIE AG (MENARINI GROUP) - GERMANIA,"Cutie x 1 blist. PVC-PVDC/Al x 10
compr. film. gastrorez. - 3 ani",OTC,A09AA02
MEZYM FORTE 10000,PANCREATINUM,COMPR. GASTROREZ.,125mg,BERLIN-CHEMIE AG (MENARINI GROUP) - GERMANIA,"Cutie x 2 blist. Al-PVC-PA/Al x 10
compr. film. gastrorez. - 3 ani",OTC,A09AA02
MEZYM FORTE 10000,PANCREATINUM,COMPR. GASTROREZ.,125mg,BERLIN-CHEMIE AG (MENARINI GROUP) - GERMANIA,"Cutie x 2 blist. PVC-PVDC/Al x 10
compr. film. gastrorez. - 3 ani",OTC,A09AA02
MEZYM FORTE 10000,PANCREATINUM,COMPR. GASTROREZ.,125mg,BERLIN-CHEMIE AG (MENARINI GROUP) - GERMANIA,"Cutie x 5 blist. Al-PVC-PA/Al x 10
compr. film. gastrorez. - 3 ani",OTC,A09AA02
MEZYM FORTE 10000,PANCREATINUM,COMPR. GASTROREZ.,125mg,BERLIN-CHEMIE AG (MENARINI GROUP) - GERMANIA,"Cutie x 5 blist. PVC-PVDC/Al x 10
compr. film. gastrorez. - 3 ani",OTC,A09AA02
MEZYM FORTE 10000,PANCREATINUM,COMPR. GASTROREZ.,125mg,BERLIN-CHEMIE AG (MENARINI GROUP) - GERMANIA,"Cutie x 10 blist. Al-PVC-PA/Al x 10
compr. film. gastrorez. - 3 ani",OTC/S,A09AA02
MEZYM FORTE 10000,PANCREATINUM,COMPR. GASTROREZ.,125mg,BERLIN-CHEMIE AG (MENARINI GROUP) - GERMANIA,"Cutie x 10 blist. PVC-PVDC/Al x 10
compr. film. gastrorez. - 3 ani",OTC/S,A09AA02
MEZYM FORTE 20000,PANCREATINUM,COMPR. GASTROREZ.,250mg,BERLIN-CHEMIE AG (MENARINI GROUP) - GERMANIA,"Cutie x 1 blist. Al-Al/PVC/PA x 10
compr. film. gastrorez. - 3 ani",OTC,A09AA02
MEZYM FORTE 20000,PANCREATINUM,COMPR. GASTROREZ.,250mg,BERLIN-CHEMIE AG (MENARINI GROUP) - GERMANIA,"Cutie x 2 blist. Al-Al/PVC/PA x 10
compr. film. gastrorez. - 3 ani",OTC,A09AA02
MEZYM FORTE 20000,PANCREATINUM,COMPR. GASTROREZ.,250mg,BERLIN-CHEMIE AG (MENARINI GROUP) - GERMANIA,"Cutie x 5 blist. Al-Al/PVC/PA x 10
compr. film. gastrorez. - 3 ani",OTC,A09AA02
MEZYM FORTE 20000,PANCREATINUM,COMPR. GASTROREZ.,250mg,BERLIN-CHEMIE AG (MENARINI GROUP) - GERMANIA,"Cutie x 10 blist. Al-Al/PVC/PA x 10
compr. film. gastrorez. - 3 ani",OTC/S,A09AA02
MEZYM FORTE 20000,PANCREATINUM,COMPR. GASTROREZ.,250mg,BERLIN-CHEMIE AG (MENARINI GROUP) - GERMANIA,"Cutie x 1 blist. Al-PVC/PVDC x 10
compr. film. gastrorez. - 3 ani",OTC,A09AA02
Denumirea comerciala,DCI,Forma,Conc,Firma / Tara detinatoare,Ambalaj,Pres.,ATC
Denumirea comerciala,DCI,Forma,Conc,Firma / Tara detinatoare,"Cutie x 2 blist. Al-PVC/PVDC x 10
compr. film. gastrorez. - 3 ani",OTC,A09AA02
Denumirea comerciala,DCI,Forma,Conc,Firma / Tara detinatoare,"Cutie x 5 blist. Al-PVC/PVDC x 10
compr. film. gastrorez. - 3 ani",OTC,A09AA02
Denumirea comerciala,DCI,Forma,Conc,Firma / Tara detinatoare,"Cutie x 10 blist. Al-PVC/PVDC x 10
compr. film. gastrorez. - 3 ani",OTC/S,A09AA02
MIG 40 mg/ ml,IBUPROFENUM,SUSP. ORALA,200mg/5ml,BERLIN-CHEMIE AG (Menarini Group) - GERMANIA,"Cutie cu 1 flac. PET x 30 ml susp. orala + 1 seringa pt. administrare orala de 5 ml cu cilindru din PP si un piston PEID cu gradatie de 0.25 ml pana la 5 ml - 3 ani-dupa ambalarea pt. comercializare;dupa prima deschidere
a flac.-6 luni",OTC,M01AE01
MIG 40 mg/ ml,IBUPROFENUM,SUSP. ORALA,200mg/5ml,BERLIN-CHEMIE AG (Menarini Group) - GERMANIA,"Cutie cu 1 flac. PET x 100 ml susp. orala + 1 seringa pt. administrare orala de 5 ml cu cilindru din PP si un piston PEID cu gradatie de 0.25 ml pana la 5 ml - 3 ani-dupa ambalarea pt. comercializare;dupa prima deschidere
a flac.-6 luni",OTC,M01AE01
MIG 40 mg/ ml,IBUPROFENUM,SUSP. ORALA,200mg/5ml,BERLIN-CHEMIE AG (Menarini Group) - GERMANIA,"Cutie cu 1 flac. PET x 150 ml susp. orala + 1 seringa pt. administrare orala de 5 ml cu cilindru din PP si un piston PEID cu gradatie de 0.25 ml pana la 5 ml - 3 ani-dupa ambalarea pt. comercializare;dupa prima deschidere
a flac.-6 luni",OTC,M01AE01
MIG 40 mg/ ml,IBUPROFENUM,SUSP. ORALA,200mg/5ml,BERLIN-CHEMIE AG (Menarini Group) - GERMANIA,"Cutie cu 1 flac. PET x 200 ml susp. orala + 1 seringa pt. administrare orala de 5 ml cu cilindru din PP si un piston PEID cu gradatie de 0.25 ml pana la 5 ml - 3 ani-dupa ambalarea pt. comercializare;dupa prima deschidere
a flac.-6 luni",OTC,M01AE01
MIG PEDIATRIC 20 mg/ml,IBUPROFENUM,SUSP. ORALA,20mg/ml,BERLIN-CHEMIE AG (MENARINI GROUP) - GERMANIA,"Cutie cu 1 flac. din PET + 1 seringa dozatoare de 5 ml cu gradatii de 0.5 ml x 100 ml susp. orala - 3 ani; dupa prima deschidere-6 luni. la temp. sub
25°C",OTC,M01AE01
MIG PEDIATRIC 20 mg/ml,IBUPROFENUM,SUSP. ORALA,20mg/ml,BERLIN-CHEMIE AG (MENARINI GROUP) - GERMANIA,"Cutie cu 1 flac. din PET + 1 seringa
dozatoare de 5 ml cu gradatii de 0.5",OTC,M01AE01
Denumirea comerciala,DCI,Forma,Conc,Firma / Tara detinatoare,Ambalaj,Pres.,ATC
Denumirea comerciala,DCI,Forma,Conc,Firma / Tara detinatoare,"ml x 200 ml susp. orala - 3 ani; dupa prima deschidere-6 luni. la temp. sub
25°C",,
MIG-400,IBUPROFENUM,COMPR. FILM.,400mg,"BERLIN-CHEMIE AG (MENARINI
GROUP) - GERMANIA","Cutie cu 1 blist. opac din
PVC/Al-hartie x 10 compr. film. - 3 ani",OTC,M01AE01
MINOXIDIL LAVINELI 20 mg/ml,MINOXIDILUM,SOL. CUT.,20mg/ml,LAVINELI FARMACEUTICA. LDA. - PORTUGALIA,"Cutie cu 1 flac. PEID cu aplicator scurt (duza) si un aplicator cu tija a 60 ml
sol. cut. - 3 ani",OTC,D11AX01
MINOXIDIL LAVINELI 20 mg/ml,MINOXIDILUM,SOL. CUT.,20mg/ml,LAVINELI FARMACEUTICA. LDA. - PORTUGALIA,"Cutie cu 3 flac. PEID cu 3 aplicatoare scurte (duze) si 2 aplicatoare cu tija a
60 ml sol. cut. - 3 ani",OTC,D11AX01
MINOXIDIL LAVINELI 50 mg/ml,MINOXIDILUM,SOL. CUT.,50mg/ml,LAVINELI FARMACEUTICA. LDA. - PORTUGALIA,"Cutie cu 1 flac. PEID cu aplicator scurt (duza) si un aplicator cu tija a 60 ml
sol. cut. - 3 ani",OTC,D11AX01
MINOXIDIL LAVINELI 50 mg/ml,MINOXIDILUM,SOL. CUT.,50mg/ml,LAVINELI FARMACEUTICA. LDA. - PORTUGALIA,"Cutie cu 3 flac. PEID cu 3 aplicatoare
scurte (duze) si 2 aplicatoare cu tija a 60 ml sol. cut. - 3 ani",OTC,D11AX01
MIO-AAS 75 mg,ACIDUM ACETYLSALICYLICUM,COMPR. GASTROREZ.,75mg,"POLIPHARMA INDUSTRIES S.R.L.
- ROMANIA","Cutie cu 2 blist. PVC-PVDC/Al x 10
compr. gastrorez. - 30 luni",OTC,B01AC06
MIO-AAS 75 mg,ACIDUM ACETYLSALICYLICUM,COMPR. GASTROREZ.,75mg,"POLIPHARMA INDUSTRIES S.R.L.
- ROMANIA","Cutie cu 3 blist. PVC-PVDC/Al x 10
compr. gastrorez. - 30 luni",OTC,B01AC06
MIPROSEPT,DIVERSE,SUPOZ.,0.5mg,"INST. CERTCET. - DEZV.  PT.
APICULTURA - ROMANIA","Cutie x 2 folii termosudate PVC/PE x 5
supoz. - 2 ani",OTC,A07EN01
MOBILAT®,COMBINATII,CREMA,,"STADA ARZNEIMITTEL AG -
GERMANIA",Cutie x 1 tub x 50 g - 2 ani,OTC,M02ACN1
MOBILAT®,COMBINATII,GEL,,"STADA ARZNEIMITTEL AG -
GERMANIA",Cutie x 1 tub x 50 g - 3 ani,OTC,M02ACN1
MODAFEN,COMBINATII (IBUPROFENUM+PSEUDOEFED RINUM),COMPR. FILM.,200mg/30mg,ZENTIVA KS - CEHIA,Cutie x 1 blist. Al/PVC x 10 compr. film. - 3 ani,OTC,R01BA52
MODAFEN,COMBINATII (IBUPROFENUM+PSEUDOEFED RINUM),COMPR. FILM.,200mg/30mg,ZENTIVA KS - CEHIA,"Cutie x 3 blist. Al/PVC x 10 compr.
film. - 3 ani",OTC,R01BA52
MODAFEN,COMBINATII (IBUPROFENUM+PSEUDOEFED RINUM),COMPR. FILM.,200mg/30mg,ZENTIVA KS - CEHIA,"Cutie x 1 blist. Al/PVC x 12 compr.
film. - 3 ani",OTC,R01BA52
MODAFEN,COMBINATII (IBUPROFENUM+PSEUDOEFED RINUM),COMPR. FILM.,200mg/30mg,ZENTIVA KS - CEHIA,"Cutie x 2 blist. Al/PVC x 12 compr.
film. - 3 ani",OTC,R01BA52
"MODAFEN HOT DRINK 650
mg/10mg",COMBINATII,PULB. PT.SUSP. ORALA,650mg/10mg,ZENTIVA KS - CEHIA,"Cutie x 5 plicuri din  plicuri din hartie/Al/PE  cu pulb. pt. susp. orala -
18 luni",OTC,N02BE51
"MODAFEN HOT DRINK 650
mg/10mg",COMBINATII,PULB. PT.SUSP. ORALA,650mg/10mg,ZENTIVA KS - CEHIA,Cutie x 6 plicuri din  plicuri din,OTC,N02BE51
Denumirea comerciala,DCI,Forma,Conc,Firma / Tara detinatoare,Ambalaj,Pres.,ATC
Denumirea comerciala,DCI,Forma,Conc,Firma / Tara detinatoare,"hartie/Al/PE  cu pulb. pt. susp. orala -
18 luni",,
Denumirea comerciala,DCI,Forma,Conc,Firma / Tara detinatoare,"Cutie x 10 plicuri din  plicuri din hartie/Al/PE  cu pulb. pt. susp. orala -
18 luni",OTC,N02BE51
Denumirea comerciala,DCI,Forma,Conc,Firma / Tara detinatoare,"Cutie x 12 plicuri din  plicuri din hartie/Al/PE  cu pulb. pt. susp. orala -
18 luni",OTC,N02BE51
MOLAXOLE,COMBINATII,PULB. PT. SOL. ORALA,,MEDA AB - SUEDIA,"Cutie cu 2 plicuri din hartie/PEJD/Al/PEJD cu pulb. pt. sol. orala - 3 ani-dupa ambalarea pt. comercializare; 6 h-dupa reconstituire
sau dilutie",OTC,A06AD65
MOLAXOLE,COMBINATII,PULB. PT. SOL. ORALA,,MEDA AB - SUEDIA,"Cutie cu 6 plicuri din hartie/PEJD/Al/PEJD cu pulb. pt. sol. orala - 3 ani-dupa ambalarea pt. comercializare; 6 h-dupa reconstituire
sau dilutie",OTC,A06AD65
MOLAXOLE,COMBINATII,PULB. PT. SOL. ORALA,,MEDA AB - SUEDIA,"Cutie cu 8 plicuri din hartie/PEJD/Al/PEJD cu pulb. pt. sol. orala - 3 ani-dupa ambalarea pt. comercializare; 6 h-dupa reconstituire
sau dilutie",OTC,A06AD65
MOLAXOLE,COMBINATII,PULB. PT. SOL. ORALA,,MEDA AB - SUEDIA,"Cutie cu 10 plicuri din hartie/PEJD/Al/PEJD cu pulb. pt. sol. orala - 3 ani-dupa ambalarea pt. comercializare; 6 h-dupa reconstituire
sau dilutie",OTC,A06AD65
MOLAXOLE,COMBINATII,PULB. PT. SOL. ORALA,,MEDA AB - SUEDIA,"Cutie cu 20 plicuri din hartie/PEJD/Al/PEJD cu pulb. pt. sol. orala - 3 ani-dupa ambalarea pt. comercializare; 6 h-dupa reconstituire
sau dilutie",OTC,A06AD65
MOLAXOLE,COMBINATII,PULB. PT. SOL. ORALA,,MEDA AB - SUEDIA,"Cutie cu 30 plicuri din hartie/PEJD/Al/PEJD cu pulb. pt. sol. orala - 3 ani-dupa ambalarea pt. comercializare; 6 h-dupa reconstituire
sau dilutie",OTC,A06AD65
MOLAXOLE,COMBINATII,PULB. PT. SOL. ORALA,,MEDA AB - SUEDIA,"Cutie cu 40 plicuri din
hartie/PEJD/Al/PEJD cu pulb. pt. sol.",OTC,A06AD65
Denumirea comerciala,DCI,Forma,Conc,Firma / Tara detinatoare,Ambalaj,Pres.,ATC
Denumirea comerciala,DCI,Forma,Conc,Firma / Tara detinatoare,"orala - 3 ani-dupa ambalarea pt. comercializare; 6 h-dupa reconstituire
sau dilutie",,
Denumirea comerciala,DCI,Forma,Conc,Firma / Tara detinatoare,"Cutie cu 50 plicuri din hartie/PEJD/Al/PEJD cu pulb. pt. sol. orala - 3 ani-dupa ambalarea pt. comercializare; 6 h-dupa reconstituire
sau dilutie",OTC,A06AD65
Denumirea comerciala,DCI,Forma,Conc,Firma / Tara detinatoare,"Cutie cu 60 plicuri din hartie/PEJD/Al/PEJD cu pulb. pt. sol. orala - 3 ani-dupa ambalarea pt. comercializare; 6 h-dupa reconstituire
sau dilutie",OTC,A06AD65
Denumirea comerciala,DCI,Forma,Conc,Firma / Tara detinatoare,"Cutie cu 100 plicuri din hartie/PEJD/Al/PEJD cu pulb. pt. sol. orala - 3 ani-dupa ambalarea pt. comercializare; 6 h-dupa reconstituire
sau dilutie",OTC,A06AD65
Denumirea comerciala,DCI,Forma,Conc,Firma / Tara detinatoare,"Cutie cu 2 plicuri din hartie/PE/Al/copolymer etilen-acid metacrilic (Surlyn) cu pulb. pt. sol. orala - 3 ani-dupa ambalarea pt. comercializare; 6 h-dupa reconstituire
sau dilutie",OTC,A06AD65
Denumirea comerciala,DCI,Forma,Conc,Firma / Tara detinatoare,"Cutie cu 6 plicuri din hartie/PE/Al/copolymer etilen-acid metacrilic (Surlyn) cu pulb. pt. sol. orala - 3 ani-dupa ambalarea pt. comercializare; 6 h-dupa reconstituire
sau dilutie",OTC,A06AD65
Denumirea comerciala,DCI,Forma,Conc,Firma / Tara detinatoare,"Cutie cu 8 plicuri din hartie/PE/Al/copolymer etilen-acid metacrilic (Surlyn) cu pulb. pt. sol. orala - 3 ani-dupa ambalarea pt. comercializare; 6 h-dupa reconstituire
sau dilutie",OTC,A06AD65
Denumirea comerciala,DCI,Forma,Conc,Firma / Tara detinatoare,"Cutie cu 10 plicuri din hartie/PE/Al/copolymer etilen-acid metacrilic (Surlyn) cu pulb. pt. sol. orala - 3 ani-dupa ambalarea pt.
comercializare; 6 h-dupa reconstituire",OTC,A06AD65
Denumirea comerciala,DCI,Forma,Conc,Firma / Tara detinatoare,Ambalaj,Pres.,ATC
Denumirea comerciala,DCI,Forma,Conc,Firma / Tara detinatoare,sau dilutie,,
Denumirea comerciala,DCI,Forma,Conc,Firma / Tara detinatoare,"Cutie cu 20 plicuri din hartie/PE/Al/copolymer etilen-acid metacrilic (Surlyn) cu pulb. pt. sol. orala - 3 ani-dupa ambalarea pt. comercializare; 6 h-dupa reconstituire
sau dilutie",OTC,A06AD65
Denumirea comerciala,DCI,Forma,Conc,Firma / Tara detinatoare,"Cutie cu 30 plicuri din hartie/PE/Al/copolymer etilen-acid metacrilic (Surlyn) cu pulb. pt. sol. orala - 3 ani-dupa ambalarea pt. comercializare; 6 h-dupa reconstituire
sau dilutie",OTC,A06AD65
Denumirea comerciala,DCI,Forma,Conc,Firma / Tara detinatoare,"Cutie cu 40 plicuri din hartie/PE/Al/copolymer etilen-acid metacrilic (Surlyn) cu pulb. pt. sol. orala - 3 ani-dupa ambalarea pt. comercializare; 6 h-dupa reconstituire
sau dilutie",OTC,A06AD65
Denumirea comerciala,DCI,Forma,Conc,Firma / Tara detinatoare,"Cutie cu 50 plicuri din hartie/PE/Al/copolymer etilen-acid metacrilic (Surlyn) cu pulb. pt. sol. orala - 3 ani-dupa ambalarea pt. comercializare; 6 h-dupa reconstituire
sau dilutie",OTC,A06AD65
Denumirea comerciala,DCI,Forma,Conc,Firma / Tara detinatoare,"Cutie cu 60 plicuri din hartie/PE/Al/copolymer etilen-acid metacrilic (Surlyn) cu pulb. pt. sol. orala - 3 ani-dupa ambalarea pt. comercializare; 6 h-dupa reconstituire
sau dilutie",OTC,A06AD65
Denumirea comerciala,DCI,Forma,Conc,Firma / Tara detinatoare,"Cutie cu 100 plicuri din hartie/PE/Al/copolymer etilen-acid metacrilic (Surlyn) cu pulb. pt. sol. orala - 3 ani-dupa ambalarea pt. comercializare; 6 h-dupa reconstituire
sau dilutie",OTC,A06AD65
MUCOGRIP 200 mg/30 mg,"COMBINATII (IBUPROFENUM+PSEUDOEFED
RINUM)",COMPR. FILM.,200mg/30mg,"BOEHRINGER INGELHEIM INTERNATIONAL GMBH -
GERMANIA",Cutie cu blist. PVC-PVDC/Al x 10 compr. film. - 15 luni,OTC,R05X
Denumirea comerciala,DCI,Forma,Conc,Firma / Tara detinatoare,Ambalaj,Pres.,ATC
Denumirea comerciala,DCI,Forma,Conc,Firma / Tara detinatoare,"Cutie cu blist. PVC-PVDC/Al x 20
compr. film. - 15 luni",OTC,R05X
MUCONASAL SPRAY 1.18 mg/ml,TRAMAZOLINUM,SPRAY NAZAL - SOL.,1.18mg/ml,BOEHRINGER INGELHEIM INT. GMBH - GERMANIA,"Cutie x 1 flacon x 10 ml spray nazal. solutie + pompa dozatoare + aplicator
nazal - 5 ani",OTC,R01AA09
MUCOSIN 30 mg COMPRIMATE,AMBROXOLUM,COMPR.,30 mg,ZENTIVA A.S. - REPUBLICA SLOVACA,"Cutie cu blist. din PVC-PVdC/Al x 20
compr. - 2 ani",OTC,R05CB06
MUCOSIN 30 mg COMPRIMATE,AMBROXOLUM,COMPR.,30 mg,ZENTIVA A.S. - REPUBLICA SLOVACA,"Cutie cu blist. din PVC-PVdC/Al x 30
compr. - 2 ani",OTC,R05CB06
MUCOSIN 750 mg/15 ml sirop EXPECTORANT pentru adulti,CARBOCISTEINUM,SIROP,5%,SANOFI-AVENTIS OTC - FRANTA,"Cutie x 1 flacon din sticla incolora x 125 ml sirop + masura dozatoare - 3
ani",OTC,R05CB03
MUCOSIN CU MIERE 15mg/5ml,AMBROXOLUM,SIROP,15mg/5ml,ZENTIVA. K.S. - CEHIA,"Cutie cu 1 flac. din sticla bruna x 100 ml sirop si 1 seringa dozatoare - 2 ani-dupa ambalarea pentru
comercializare;Dupa prima deschidere
a flaconului - 6 luni",OTC,R05CB06
MUCOSOLVAN,AMBROXOLUM,COMPR.,30mg,"BOEHRINGER INGELHEIM
INTERNATIONAL GMBH - GERMANIA",Cutie x 2 blist. Al/PVC x 10 compr. - 5 ani,OTC,R05CB06
MUCOSOLVAN,AMBROXOLUM,GUMA ORALA,15mg,BOEHRINGER INGELHEIM INTERNATIONAL GMBH - GERMANIA,Cutie x 2 blist. Al/PVC x 10 gume orale - 3 ani,OTC,R05CB06
MUCOSOLVAN,AMBROXOLUM,GUMA ORALA,15mg,BOEHRINGER INGELHEIM INTERNATIONAL GMBH - GERMANIA,"Cutie x 3 blist. Al/PVC x 10 gume
orale - 3 ani",OTC,R05CB06
MUCOSOLVAN,AMBROXOLUM,GUMA ORALA,15mg,BOEHRINGER INGELHEIM INTERNATIONAL GMBH - GERMANIA,"Cutie x 5 blist. Al/PVC x 10 gume
orale - 3 ani",OTC,R05CB06
MUCOSOLVAN,AMBROXOLUM,GUMA ORALA,15mg,BOEHRINGER INGELHEIM INTERNATIONAL GMBH - GERMANIA,"Cutie x 10 blist. Al/PVC x 10 gume
orale - 3 ani",OTC,R05CB06
MUCOSOLVAN 30 mg/5 ml,AMBROXOLUM,SIROP,30mg/5ml,"BOEHRINGER INGELHEIM INTERNATIONAL GMBH -
GERMANIA",Cutie x 1 flac. sticla bruna x 100 ml + lingurita dozatoare - 3 ani,OTC,R05CB06
"MUCOSOLVAN JUNIOR 15 mg/5
ml",AMBROXOLUM,SIROP,15mg/5ml,"BOEHRINGER INGELHEIM INTERNATIONAL GMBH -
GERMANIA","Cutie x 1 flac. din sticla bruna x 100 ml
+ lingurita dozatoare - 3 ani",OTC,R05CB06
MUCOSOLVAN MAX,AMBROXOLUM,CAPS. ELIB. PREL.,75mg,BOEHRINGER INGELHEIM PHARMA GMBH&CO.KG - GERMANIA,Cutie x 1 blist. PVC-PVDC/Al x 10 caps. elib. prel. - 3 ani,OTC,R05CB06
MUCOSOLVAN MAX,AMBROXOLUM,CAPS. ELIB. PREL.,75mg,BOEHRINGER INGELHEIM PHARMA GMBH&CO.KG - GERMANIA,"Cutie x 2 blist. PVC-PVDC/Al x 10
caps. elib. prel. - 3 ani",OTC,R05CB06
Denumirea comerciala,DCI,Forma,Conc,Firma / Tara detinatoare,Ambalaj,Pres.,ATC
Denumirea comerciala,DCI,Forma,Conc,Firma / Tara detinatoare,"Cutie x 5 blist. PVC-PVDC/Al x 10
caps. elib. prel. - 3 ani",OTC,R05CB06
Denumirea comerciala,DCI,Forma,Conc,Firma / Tara detinatoare,"Cutie x 10 blist. PVC-PVDC/Al x 10
caps. elib. prel. - 3 ani",OTC,R05CB06
MUCOVIM 100 mg,ACETYLCYSTEINUM,PULB. PT. SOL. ORALA,100 mg,VIM SPECTRUM SRL - ROMANIA,"Cutie cu 10 plicuri unidoza din
PE-Al-hartie x 3 g pulb. pt. sol. orala - 2 ani",OTC,R05CB01
MUCOVIM 200,ACETYLCYSTEINUM,CAPS.,200mg,VIM SPECTRUM SRL - ROMANIA,"Cutie x 2 blist. Al/PVC x 10 caps. - 2
ani",OTC,R05CB01
MULTISIS V,COMBINATII,DRAJ.,,FELSIN FARM S.R.L. - ROMANIA,"Cutie cu 4 blist. PVC/Al x 10 draj. - 3
ani",OTC,A11JAN1
N - ANTIGRIPAL,COMBINATII,COMPR.,,MEDUMAN SA - ROMANIA,Cutie x 1 flac. x 20 compr. - 2 ani,OTC,N02BE51
N - CALMANT III,COMBINATII,COMPR.,,MEDUMAN SA - ROMANIA,Cutie x 1 flac. x 20 compr. - 2 ani,OTC,N02BE51
N - PARACETAMOL,PARACETAMOLUM,COMPR.,500mg,MEDUMAN  SA - ROMANIA,Cutie x 1 flac. x 20 compr. - 2 ani,OTC,N02BE01
NAABAK,"ACIDUM N-ACETIL ASPARTIL
GLUTAMICUM",PIC. OFT..SOL.,49mg/ml,LABORATOIRES THEA - FRANTA,"Cutie x 1 flac. din PEJD x 10 ml
pic.oft.. sol. - 2 ani",OTC,S01GX03
NAFA-GAL  0.3 mg/ml,NAPHAZOLINUM,"PICATURI OFT..
SOL.",0.3mg/ml,"RANBAXY UK LIMITED - MAREA
BRITANIE","Cutie x 1 flacon din PEJD opaca  x
10ml pic. oft.. sol. - 2 ani",OTC,S01GA01
NAFA-GAL 0.3mg/ml,NAPHAZOLINUM,"PICATURI OFT..
SOL.",,TERAPIA S.A. - ROMANIA,"Cutie x 1 flacon din PEJD opaca  x
10ml pic. oft.. sol. - 2 ani",OTC,S01GA01
NAFTIFINA ATB 10 mg/g,NAFTIFINUM,CREMA,10mg/g,ANTIBIOTICE S.A. - ROMANIA,"Cutie cu 1 tub din Al x 15 g crema - 4
ani",OTC,D01AE22
NALGESIN 220 mg,NAPROXENUM,COMPR. FILM.,220mg,KRKA. D.D.. NOVO MESTO - SLOVENIA,"Cutie cu blist. PVC/Al x 10 compr. film.
- 2 ani",OTC,M01AE02
NALGESIN 220 mg,NAPROXENUM,COMPR. FILM.,220mg,KRKA. D.D.. NOVO MESTO - SLOVENIA,"Cutie cu blist. PVC/Al x 20 compr. film.
- 2 ani",OTC,M01AE02
NALGESIN 220 mg,NAPROXENUM,COMPR. FILM.,220mg,KRKA. D.D.. NOVO MESTO - SLOVENIA,"Cutie cu blist. PVC/Al x 30 compr. film.
- 2 ani",OTC,M01AE02
NASIC,"COMBINATII (DEXPANTENOLUM +
XYLOMETAZOLINUM)",SPRAY NAZ..SOL.,,CASSELLA-MED GMBH&CO KG - GERMANIA,Cutie x 1 flacon x 10 ml spray nazal. sol. - 3 ani,OTC,R01AB06
NASIC PENTRU COPII,"COMBINATII (DEXPANTENOLUM +
XYLOMETAZOLINUM)",SPRAY NAZ..SOL.,,CASSELLA-MED GMBH&CO KG - GERMANIA,Cutie x 1 flacon x 10 ml spray nazal. sol. - 3 ani,OTC,R01AB06
NASIVIN  0.5 mg/ml,OXYMETAZOLINUM,PICATURI NAZALE-SOL.,,MERCK SELBSTMEDIKATION - GERMANIA,"Cutie cu 1 flac. din sticla de culoare bruna x 10 ml pic. nazale. sol. cu capac din PP cu picurator din sticla incolora. prevazut cu o para pt. aspiratie - 2 ani-dupa ambalarea pt.
comercializare; dupa prima",OTC,R01AA05
Denumirea comerciala,DCI,Forma,Conc,Firma / Tara detinatoare,Ambalaj,Pres.,ATC
Denumirea comerciala,DCI,Forma,Conc,Firma / Tara detinatoare,deschidere-6 luni,,
NEDIS 20 mg,PANTOPRAZOLUM,"COMPR. FILM.
GASTROREZ.",20mg,"DR. REDDY'S LABORATORIES
ROMÂNIA S.R.L. - ROMANIA","Cutie cu un blist. din OPA-Al-PVC/Al x
14 compr. film. gastrorezistente - 3 ani",OTC,A02BC02
NEO - ENTEROSEPTOL,LOPERAMIDUM,CAPS.,2mg,"SPECIFAR SA
PHARMACEUTICALS - GRECIA",Cutie x 1 blist. Al/PVC x 6 caps. - 5 ani,OTC,A07DA03
NEO-ANGIN,COMBINATII,PASTILE,,DIVAPHARMA GMBH - GERMANIA,"Cutie x 2 blist. PVC-PVDC/Al x 12
pastile - 2 ani",OTC,R02AA03
NEO-ANGIN FARA ZAHAR,COMBINATII,PASTILE,,DIVAPHARMA GMBH - GERMANIA,"Cutie x 2 blist. PVC-PVDC/Al x 12
pastile - 2 ani",OTC,R02AA20
NEO-BRONCHOL 15 mg,AMBROXOLUM,PASTILE,15mg,"FARMACEUTICA REMEDIA S.A. -
ROMANIA","Cutie cu 2 blist. PVC/Al x 10 pastile - 4
ani",OTC,R05CB06
NEOCOPIRIN,COMBINATII,COMPR.,,"CSC PHARMACEUTICALS SA -
LUXEMBOURG","Cutie x 2 blist. Al/PVC x 10 compr. - 2
ani",OTC,N02BA51
NEOLIN,COMBINATII,COMPR.,,"HEALTH ADVISORS S.R.L. -
ROMANIA","Cutie x 2 blist. PVC/Al  x 10 compr. - 2
ani",OTC,N02BA51
NEVRALGISTOP,COMBINATII,COMPR.,,FABIOL S.A. - ROMANIA,"Cutie x 2 blist. PVC/Al x 10 compr. - 2
ani",OTC,N02BA71
NEVRALMED,COMBINATII,COMPR.,,LABORMED PHARMA SA - ROMANIA,"Cutie x 2 blist. Al/PVC x 10 compr. - 2
ani",OTC,N02BE51
NEVRALMED,COMBINATII,COMPR.,,LABORMED PHARMA SA - ROMANIA,"Cutie x 1 blist. Al/PVC x 10 compr. - 2
ani",OTC,N02BE51
"NICORETTE FRESHMINT 1
mg/spray",NICOTINUM,"SPRAY BUCOFARINGIAN
.SOL",1mg/spray,MCNEIL AB - SUEDIA,"Cutie cu 1 flac. din PET introdus
intr-un dispozitiv cu pompa mecanica de pulverizare a 13.2 ml spray bucofaringian. sol. - 2 ani",OTC,N07BA01
"NICORETTE FRESHMINT 1
mg/spray",NICOTINUM,"SPRAY BUCOFARINGIAN
.SOL",1mg/spray,MCNEIL AB - SUEDIA,"Cutie cu 2 flac. din PET introdus
intr-un dispozitiv cu pompa mecanica de pulverizare a 13.2 ml spray bucofaringian. sol. - 2 ani",OTC,N07BA01
"NICOTINAT DE METIL - RICHTER
30mg/g",METHYLII NICOTINAS,UNGUENT,30mg/g,"GEDEON RICHTER ROMANIA S.A.
- ROMANIA","Cutie x 1 tub din Al x 50 g unguent - 3
ani",OTC,M02AX10
NIQUITIN CLEAR 14 mg,NICOTINUM,PLASTURE TRANSDERMIC,78mg,GLAXOSMITHKLINE CONSUMER HEALTHCARE - MAREA BRITANIE,"Cutie x 7 plicuri x 1 plasture
transdermic - 2 ani",OTC,N07BA01
NIQUITIN CLEAR 14 mg,NICOTINUM,PLASTURE TRANSDERMIC,78mg,GLAXOSMITHKLINE CONSUMER HEALTHCARE - MAREA BRITANIE,"Cutie x 14 plicuri x 1 plasture
transdermic - 2 ani",OTC,N07BA01
NIQUITIN CLEAR 21 mg,NICOTINUM,PLASTURE TRANSDERMIC,114mg,GLAXOSMITHKLINE CONSUMER HEALTHCARE - MAREA BRITANIE,"Cutie x 7 plicuri x 1 plasture
transdermic - 2 ani",OTC,N07BA01
NIQUITIN CLEAR 21 mg,NICOTINUM,PLASTURE TRANSDERMIC,114mg,GLAXOSMITHKLINE CONSUMER HEALTHCARE - MAREA BRITANIE,"Cutie x 14 plicuri x 1 plasture
transdermic - 2 ani",OTC,N07BA01
NIQUITIN CLEAR 7mg,NICOTINUM,PLASTURE,36mg,GLAXOSMITHKLINE CONSUMER,Cutie x 7 plicuri x 1 plasture,OTC,N07BA01
Denumirea comerciala,DCI,Forma,Conc,Firma / Tara detinatoare,Ambalaj,Pres.,ATC
Denumirea comerciala,DCI,Forma,Conc,Firma / Tara detinatoare,transdermic - 2 ani,,
Denumirea comerciala,DCI,Forma,Conc,Firma / Tara detinatoare,"Cutie x 14 plicuri x 1 plasture
transdermic - 2 ani",OTC,N07BA01
NO-SPA 40 mg,DROTAVERINUM,COMPR.,40mg,"SANOFI-AVENTIS ROMANIA
S.R.L. - ROMANIA","Cutie cu 1 blist. PVC/Al x 20 compr. -
3 ani",OTC,A03AD02
NO-SPA 40 mg,DROTAVERINUM,COMPR.,40mg,"SANOFI-AVENTIS ROMANIA
S.R.L. - ROMANIA","Cutie cu 1 blist. PVC/Al x 24 compr. -
3 ani",OTC,A03AD02
NO-SPA FORTE 80 mg,DROTAVERINUM,COMPR.,80mg,"SANOFI-AVENTIS ROMANIA
S.R.L. - ROMANIA","Cutie cu 1 blist. Al/Al x 10 compr. - 3
ani",OTC,A03AD02
NO-SPA FORTE 80 mg,DROTAVERINUM,COMPR.,80mg,"SANOFI-AVENTIS ROMANIA
S.R.L. - ROMANIA","Cutie cu 2 blist. Al/Al x 10 compr. - 3
ani",OTC,A03AD02
NO-SPA FORTE 80 mg,DROTAVERINUM,COMPR.,80mg,"SANOFI-AVENTIS ROMANIA
S.R.L. - ROMANIA","Cutie cu 1 blist. PVC/Al x 10 compr. -
3 ani",OTC,A03AD02
NO-SPA FORTE 80 mg,DROTAVERINUM,COMPR.,80mg,"SANOFI-AVENTIS ROMANIA
S.R.L. - ROMANIA","Cutie cu 2 blist. PVC/Al x 10 compr. -
3 ani",OTC,A03AD02
NO-SPA FORTE 80 mg,DROTAVERINUM,COMPR.,80mg,"SANOFI-AVENTIS ROMANIA
S.R.L. - ROMANIA","Cutie cu 1 blist. PVC/Al x 24 compr. -
3 ani",OTC,A03AD02
NO-SPALGIN®,COMBINATII,COMPR.,,"CHINOIN PHARMACEUTICALS &
CHEMICAL WORKS CO. LTD - UNGARIA",Cutie x 2 blist. Al/Al x 6 compr. - 3 ani,OTC,N02BE51
NOLPANTA 20 mg,PANTOPRAZOLUM,COMPR. GASTROREZ.,20mg,KRKA D.D.. NOVO MESTO - SLOVENIA,"Cutie x 1 blist. OPA-Al-PVC/Al x 7
compr. gastr. - 3 ani",OTC,A02BC02
NOLPANTA 20 mg,PANTOPRAZOLUM,COMPR. GASTROREZ.,20mg,KRKA D.D.. NOVO MESTO - SLOVENIA,"Cutie x 2 blist. OPA-Al-PVC/Al x 7
compr. gastr. - 3 ani",OTC,A02BC02
NOLPAZAL 20 mg,PANTOPRAZOLUM,COMPR. GASTROREZ.,,KRKA D.D.. NOVO MESTO - SLOVENIA,"Cutie cu 1 blist. OPA/Al/PVC-Al x 7
compr. gastrorez. - 5 ani",OTC,A02BC02
NOLPAZAL 20 mg,PANTOPRAZOLUM,COMPR. GASTROREZ.,,KRKA D.D.. NOVO MESTO - SLOVENIA,"Cutie cu 2 blist. OPA/Al/PVC-Al x 7
compr. gastrorez. - 5 ani",OTC,A02BC02
NOLPAZAL 20 mg,PANTOPRAZOLUM,COMPR. GASTROREZ.,,KRKA D.D.. NOVO MESTO - SLOVENIA,"Cutie cu 1 blist. OPA/Al/PVC-Al x 14
compr. gastrorez. - 5 ani",OTC,A02BC02
NOSTAMINE®,COMBINATII,"PIC. OFT./NAZALE.SO
L.",,E.I.P.I.CO. MED S.R.L. - ROMANIA,"Cutie x 1 flacon x 10 ml - 3 ani-dupa ambalatra pt. comercializare; 28
zile-dupa prima deschidere a flac.",OTC,S01GA51
NUROFEN EXPRESS 200 mg,IBUPROFENUM,CAPS. MOI,200mg,RECKITT BENCKISER HEALTHCARE INTERNATIONAL LIMITED - MAREA BRITANIE,Cutie cu 1 blist. PVC-PVDC/Al x 2 caps. moi - 2 ani,OTC,M01AE01
NUROFEN EXPRESS 200 mg,IBUPROFENUM,CAPS. MOI,200mg,RECKITT BENCKISER HEALTHCARE INTERNATIONAL LIMITED - MAREA BRITANIE,"Cutie cu 1 blist. PVC-PVDC/Al x 4
caps. moi - 2 ani",OTC,M01AE01
NUROFEN EXPRESS 200 mg,IBUPROFENUM,CAPS. MOI,200mg,RECKITT BENCKISER HEALTHCARE INTERNATIONAL LIMITED - MAREA BRITANIE,"Cutie cu 1 blist. PVC-PVDC/Al x 6
caps. moi - 2 ani",OTC,M01AE01
Denumirea comerciala,DCI,Forma,Conc,Firma / Tara detinatoare,Ambalaj,Pres.,ATC
Denumirea comerciala,DCI,Forma,Conc,Firma / Tara detinatoare,"Cutie cu 1 blist. PVC-PVDC/Al x 8
caps. moi - 2 ani",OTC,M01AE01
Denumirea comerciala,DCI,Forma,Conc,Firma / Tara detinatoare,"Cutie cu 1 blist. PVC-PVDC/Al x 10
caps. moi - 2 ani",OTC,M01AE01
Denumirea comerciala,DCI,Forma,Conc,Firma / Tara detinatoare,"Cutie cu 1 blist. PVC-PVDC/Al x 12
caps. moi - 2 ani",OTC,M01AE01
Denumirea comerciala,DCI,Forma,Conc,Firma / Tara detinatoare,"Cutie cu 1 blist. PVC-PVDC/Al x 16
caps. moi - 2 ani",OTC,M01AE01
Denumirea comerciala,DCI,Forma,Conc,Firma / Tara detinatoare,"Cutie cu 1 blist. PVC-PVDC/Al x 20
caps. moi - 2 ani",OTC,M01AE01
Denumirea comerciala,DCI,Forma,Conc,Firma / Tara detinatoare,"Cutie cu 1 blist. PVC-PVDC/Al x 24
caps. moi - 2 ani",OTC,M01AE01
NUROFEN EXPRESS 200 mg,IBUPROFENUM,DRAJ.,,RECKITT BENCKISER HEALTHCARE INTERNATIONAL LTD. - MAREA BRITANIE,Cutie cu 1 blist. PVC-PVDC40/Al x 6 draj. - 2 ani,OTC,M01AE01
NUROFEN EXPRESS 200 mg,IBUPROFENUM,DRAJ.,,RECKITT BENCKISER HEALTHCARE INTERNATIONAL LTD. - MAREA BRITANIE,"Cutie cu 1 blist. PVC-PVDC90/Al x 6
draj. - 2 ani",OTC,M01AE01
NUROFEN EXPRESS 200 mg,IBUPROFENUM,DRAJ.,,RECKITT BENCKISER HEALTHCARE INTERNATIONAL LTD. - MAREA BRITANIE,"Cutie cu 1 blist. PVC-PVDC40/Al x 12
draj. - 2 ani",OTC,M01AE01
NUROFEN EXPRESS 200 mg,IBUPROFENUM,DRAJ.,,RECKITT BENCKISER HEALTHCARE INTERNATIONAL LTD. - MAREA BRITANIE,"Cutie cu 1 blist. PVC-PVDC90/Al x 12
draj. - 2 ani",OTC,M01AE01
NUROFEN EXPRESS 200 mg,IBUPROFENUM,DRAJ.,,RECKITT BENCKISER HEALTHCARE INTERNATIONAL LTD. - MAREA BRITANIE,"Cutie cu 2 blist. PVC-PVDC40/Al x 8
draj. - 2 ani",OTC,M01AE01
NUROFEN EXPRESS 200 mg,IBUPROFENUM,DRAJ.,,RECKITT BENCKISER HEALTHCARE INTERNATIONAL LTD. - MAREA BRITANIE,"Cutie cu 2 blist. PVC-PVDC90/Al x 8
draj. - 2 ani",OTC,M01AE01
NUROFEN EXPRESS 200 mg,IBUPROFENUM,DRAJ.,,RECKITT BENCKISER HEALTHCARE INTERNATIONAL LTD. - MAREA BRITANIE,"Cutie cu 2 blist. PVC-PVDC40/Al x 12
draj. - 2 ani",OTC,M01AE01
NUROFEN EXPRESS 200 mg,IBUPROFENUM,DRAJ.,,RECKITT BENCKISER HEALTHCARE INTERNATIONAL LTD. - MAREA BRITANIE,"Cutie cu 2 blist. PVC-PVDC90/Al x 12
draj. - 2 ani",OTC,M01AE01
NUROFEN EXPRESS 200 mg,IBUPROFENUM,DRAJ.,,RECKITT BENCKISER HEALTHCARE INTERNATIONAL LTD. - MAREA BRITANIE,"Cutie cu 4 blist. PVC-PVDC40/Al x 12
draj. - 2 ani",OTC,M01AE01
NUROFEN EXPRESS 200 mg,IBUPROFENUM,DRAJ.,,RECKITT BENCKISER HEALTHCARE INTERNATIONAL LTD. - MAREA BRITANIE,"Cutie cu 4 blist. PVC-PVDC90/Al x 12
draj. - 2 ani",OTC,M01AE01
NUROFEN EXPRESS 400 mg,IBUPROFENUM,PULBERE ORALA,400mg,RECKITT BENCKISER HEALTHCARE INTERNATIONAL LTD. - MAREA BRITANIE,"Cutie cu 2 plicuri unidoza din hartie/Al/PE cu pulb. orala - 3 ani-dupa ambalarea pt. comercializare; dupa dizolvarea
pulberii-se utilizeaza imediat",OTC,M01AE01
NUROFEN EXPRESS 400 mg,IBUPROFENUM,PULBERE ORALA,400mg,RECKITT BENCKISER HEALTHCARE INTERNATIONAL LTD. - MAREA BRITANIE,"Cutie cu 3 plicuri unidoza din
hartie/Al/PE cu pulb. orala - 3",OTC,M01AE01
Denumirea comerciala,DCI,Forma,Conc,Firma / Tara detinatoare,Ambalaj,Pres.,ATC
Denumirea comerciala,DCI,Forma,Conc,Firma / Tara detinatoare,"ani-dupa ambalarea pt. comercializare; dupa dizolvarea
pulberii-se utilizeaza imediat",,
Denumirea comerciala,DCI,Forma,Conc,Firma / Tara detinatoare,"Cutie cu 4 plicuri unidoza din hartie/Al/PE cu pulb. orala - 3 ani-dupa ambalarea pt. comercializare; dupa dizolvarea
pulberii-se utilizeaza imediat",OTC,M01AE01
Denumirea comerciala,DCI,Forma,Conc,Firma / Tara detinatoare,"Cutie cu 5 plicuri unidoza din hartie/Al/PE cu pulb. orala - 3 ani-dupa ambalarea pt. comercializare; dupa dizolvarea
pulberii-se utilizeaza imediat",OTC,M01AE01
Denumirea comerciala,DCI,Forma,Conc,Firma / Tara detinatoare,"Cutie cu 6 plicuri unidoza din hartie/Al/PE cu pulb. orala - 3 ani-dupa ambalarea pt. comercializare; dupa dizolvarea
pulberii-se utilizeaza imediat",OTC,M01AE01
Denumirea comerciala,DCI,Forma,Conc,Firma / Tara detinatoare,"Cutie cu 8 plicuri unidoza din hartie/Al/PE cu pulb. orala - 3 ani-dupa ambalarea pt. comercializare; dupa dizolvarea
pulberii-se utilizeaza imediat",OTC,M01AE01
Denumirea comerciala,DCI,Forma,Conc,Firma / Tara detinatoare,"Cutie cu 10 plicuri unidoza din hartie/Al/PE cu pulb. orala - 3 ani-dupa ambalarea pt. comercializare; dupa dizolvarea
pulberii-se utilizeaza imediat",OTC,M01AE01
Denumirea comerciala,DCI,Forma,Conc,Firma / Tara detinatoare,"Cutie cu 12 plicuri unidoza din hartie/Al/PE cu pulb. orala - 3 ani-dupa ambalarea pt. comercializare; dupa dizolvarea
pulberii-se utilizeaza imediat",OTC,M01AE01
Denumirea comerciala,DCI,Forma,Conc,Firma / Tara detinatoare,"Cutie cu 13 plicuri unidoza din hartie/Al/PE cu pulb. orala - 3 ani-dupa ambalarea pt. comercializare; dupa dizolvarea
pulberii-se utilizeaza imediat",OTC,M01AE01
Denumirea comerciala,DCI,Forma,Conc,Firma / Tara detinatoare,"Cutie cu 14 plicuri unidoza din hartie/Al/PE cu pulb. orala - 3
ani-dupa ambalarea pt.",OTC,M01AE01
Denumirea comerciala,DCI,Forma,Conc,Firma / Tara detinatoare,Ambalaj,Pres.,ATC
Denumirea comerciala,DCI,Forma,Conc,Firma / Tara detinatoare,comercializare; dupa dizolvarea pulberii-se utilizeaza imediat,,
Denumirea comerciala,DCI,Forma,Conc,Firma / Tara detinatoare,"Cutie cu 15 plicuri unidoza din hartie/Al/PE cu pulb. orala - 3 ani-dupa ambalarea pt. comercializare; dupa dizolvarea
pulberii-se utilizeaza imediat",OTC,M01AE01
Denumirea comerciala,DCI,Forma,Conc,Firma / Tara detinatoare,"Cutie cu 16 plicuri unidoza din hartie/Al/PE cu pulb. orala - 3 ani-dupa ambalarea pt. comercializare; dupa dizolvarea
pulberii-se utilizeaza imediat",OTC,M01AE01
"NUROFEN EXPRESS FORTE 400
mg",IBUPROFENUM,CAPS. MOI,,RECKITT BENCKISER HEALTHCARE INTERNATIONAL LTD. - MAREA BRITANIE,Cutie cu blist. PVC-PVDC/Al x 2 caps. moi - 2 ani,OTC,M01AE01
"NUROFEN EXPRESS FORTE 400
mg",IBUPROFENUM,CAPS. MOI,,RECKITT BENCKISER HEALTHCARE INTERNATIONAL LTD. - MAREA BRITANIE,"Cutie cu blist. PVC-PVDC/Al x 4 caps.
moi - 2 ani",OTC,M01AE01
"NUROFEN EXPRESS FORTE 400
mg",IBUPROFENUM,CAPS. MOI,,RECKITT BENCKISER HEALTHCARE INTERNATIONAL LTD. - MAREA BRITANIE,"Cutie cu blist. PVC-PVDC/Al x 6 caps.
moi - 2 ani",OTC,M01AE01
"NUROFEN EXPRESS FORTE 400
mg",IBUPROFENUM,CAPS. MOI,,RECKITT BENCKISER HEALTHCARE INTERNATIONAL LTD. - MAREA BRITANIE,"Cutie cu blist. PVC-PVDC/Al x 8 caps.
moi - 2 ani",OTC,M01AE01
"NUROFEN EXPRESS FORTE 400
mg",IBUPROFENUM,CAPS. MOI,,RECKITT BENCKISER HEALTHCARE INTERNATIONAL LTD. - MAREA BRITANIE,"Cutie cu blist. PVC-PVDC/Al x 10
caps. moi - 2 ani",OTC,M01AE01
"NUROFEN EXPRESS FORTE 400
mg",IBUPROFENUM,CAPS. MOI,,RECKITT BENCKISER HEALTHCARE INTERNATIONAL LTD. - MAREA BRITANIE,"Cutie cu blist. PVC-PVDC/Al x 12
caps. moi - 2 ani",OTC,M01AE01
NUROFEN FORTE,IBUPROFENUM,DRAJ.,,"RECKITT BENCKISER HEALTHCARE INT. LTD. - MAREA
BRITANIE",Cutie x 1 blist. Al/PVC x 12 draj. - 3 ani,OTC,M01AE01
NUROFEN GEL,IBUPROFENUM,GEL,5%,RECKITT BENCKISER HEALTHCARE INT. LTD. - MAREA BRITANIE,Cutie x 1 tub x 20 g - 3 ani,OTC,M02AA13
NUROFEN GEL,IBUPROFENUM,GEL,5%,RECKITT BENCKISER HEALTHCARE INT. LTD. - MAREA BRITANIE,Cutie x 1 tub x 25 g - 3 ani,OTC,M02AA13
NUROFEN GEL,IBUPROFENUM,GEL,5%,RECKITT BENCKISER HEALTHCARE INT. LTD. - MAREA BRITANIE,Cutie x 1 tub x 30 g - 3 ani,OTC,M02AA13
NUROFEN GEL,IBUPROFENUM,GEL,5%,RECKITT BENCKISER HEALTHCARE INT. LTD. - MAREA BRITANIE,Cutie x 1 tub x 35 g - 3 ani,OTC,M02AA13
NUROFEN GEL,IBUPROFENUM,GEL,5%,RECKITT BENCKISER HEALTHCARE INT. LTD. - MAREA BRITANIE,Cutie x 1 tub x 50 g - 3 ani,OTC,M02AA13
NUROFEN GEL,IBUPROFENUM,GEL,5%,RECKITT BENCKISER HEALTHCARE INT. LTD. - MAREA BRITANIE,Cutie x 1 tub x 100 g - 3 ani,OTC,M02AA13
"NUROFEN IMMEDIA ULTRA 400
mg",IBUPROFENUM,DRAJ.,400mg,"RECKITT BENCKISER HEALTHCARE INTERNATIONAL
LTD. - MAREA BRITANIE",Cutie cu 1 blist. PVC-PVDC40/Al x 12 draj. - 2 ani,OTC,M01AE01
Denumirea comerciala,DCI,Forma,Conc,Firma / Tara detinatoare,Ambalaj,Pres.,ATC
Denumirea comerciala,DCI,Forma,Conc,Firma / Tara detinatoare,"Cutie cu 1 blist. PVC-PVDC90/Al x 12
draj. - 2 ani",OTC,M01AE01
Denumirea comerciala,DCI,Forma,Conc,Firma / Tara detinatoare,"Cutie cu 2 blist. PVC-PVDC40/Al x 12
draj. - 2 ani",OTC,M01AE01
Denumirea comerciala,DCI,Forma,Conc,Firma / Tara detinatoare,"Cutie cu 2 blist. PVC-PVDC90/Al x 12
draj. - 2 ani",OTC,M01AE01
Denumirea comerciala,DCI,Forma,Conc,Firma / Tara detinatoare,"Cutie cu 4 blist. PVC-PVDC40/Al x 12
draj. - 2 ani",OTC,M01AE01
Denumirea comerciala,DCI,Forma,Conc,Firma / Tara detinatoare,"Cutie cu 4 blist. PVC-PVDC90/Al x 12
draj. - 2 ani",OTC,M01AE01
NUROFEN JUNIOR. CU AROMA DE CAPSUNI,IBUPROFENUM,SUSP. ORALA,200mg/5ml,RECKITT BENCKISER HEALTHCARE INTERNATIONAL LIMITED - MAREA BRITANIE,"Cutie cu 1 flac. din PET de culoare bruna x 30 ml susp. orala + 1 lingurita dozatoare din PP cu doua capete. cu o capacitate de 2.5 ml - 1 an dupa ambalarea pt comercializare; 6 luni
dupa prima deschidere",OTC,M01AE01
NUROFEN JUNIOR. CU AROMA DE CAPSUNI,IBUPROFENUM,SUSP. ORALA,200mg/5ml,RECKITT BENCKISER HEALTHCARE INTERNATIONAL LIMITED - MAREA BRITANIE,"Cutie cu 1 flac. din PET de culoare bruna x 50 ml susp. orala + 1 lingurita dozatoare din PP cu doua capete. cu o capacitate de 2.5 ml - 2 ani dupa ambalarea pt comercializare; 6 luni
dupa prima deschidere",OTC,M01AE01
NUROFEN JUNIOR. CU AROMA DE CAPSUNI,IBUPROFENUM,SUSP. ORALA,200mg/5ml,RECKITT BENCKISER HEALTHCARE INTERNATIONAL LIMITED - MAREA BRITANIE,"Cutie cu 1 flac. din PET de culoare bruna x 100 ml susp. orala + 1 lingurita dozatoare din PP cu doua capete. cu o capacitate de 2.5 ml - 2 ani  dupa ambalarea pt comercializare; 6 luni dupa prima
deschidere",OTC,M01AE01
NUROFEN JUNIOR. CU AROMA DE CAPSUNI,IBUPROFENUM,SUSP. ORALA,200mg/5ml,RECKITT BENCKISER HEALTHCARE INTERNATIONAL LIMITED - MAREA BRITANIE,"Cutie cu 1 flac. din PET de culoare bruna x 150 ml susp. orala + 1 lingurita dozatoare din PP cu doua capete. cu o capacitate de 2.5 ml - 2 ani  dupa ambalarea pt comercializare; 6 luni dupa prima
deschidere",OTC,M01AE01
NUROFEN JUNIOR. CU AROMA DE PORTOCALE,IBUPROFENUM,SUSP. ORALA,,RECKITT BENCKISER HEALTHCARE INTERNATIONAL LIMITED - MAREA BRITANIE,"Cutie cu 1 flac. din PET de culoare bruna x 30 ml susp. orala + 1 lingurita dozatoare din PP cu doua capete. cu
o capacitate de 2.5 ml - 1 an dupa",OTC,M01AE01
Denumirea comerciala,DCI,Forma,Conc,Firma / Tara detinatoare,Ambalaj,Pres.,ATC
Denumirea comerciala,DCI,Forma,Conc,Firma / Tara detinatoare,"ambalarea pt comercializare; 6 luni
dupa prima deschidere",,
Denumirea comerciala,DCI,Forma,Conc,Firma / Tara detinatoare,"Cutie cu 1 flac. din PET de culoare bruna x 50 ml susp. orala + 1 lingurita dozatoare din PP cu doua capete. cu o capacitate de 2.5 ml - 2 ani dupa ambalarea pt comercializare; 6 luni
dupa prima deschidere",OTC,M01AE01
Denumirea comerciala,DCI,Forma,Conc,Firma / Tara detinatoare,"Cutie cu 1 flac. din PET de culoare bruna x 100 ml susp. orala + 1 lingurita dozatoare din PP cu doua capete. cu o capacitate de 2.5 ml - 2 ani  dupa ambalarea pt comercializare; 6 luni dupa prima
deschidere",OTC,M01AE01
Denumirea comerciala,DCI,Forma,Conc,Firma / Tara detinatoare,"Cutie cu 1 flac. din PET de culoare bruna x 150 ml susp. orala + 1 lingurita dozatoare din PP cu doua capete. cu o capacitate de 2.5 ml - 2 ani  dupa ambalarea pt comercializare; 6 luni dupa prima
deschidere",OTC,M01AE01
NUROFEN PENTRU COPII 125 mg,IBUPROFENUM,SUPOZ.,125mg,"RECKITT BENCKISER HEALTHCARE INTERNATIONAL
LIMITED - MAREA BRITANIE",Cutie x 2 blist din Al x 5 supoz. - 3 ani,OTC,M01AE01
NUROFEN PENTRU COPII 60 mg,IBUPROFENUM,SUPOZ.,60mg,RECKITT BENCKISER HEALTHCARE INTERNATIONAL LTD. - MAREA BRITANIE,Cutie cu 1 blist. din folie termosudabila din Al/PE x 1 supoz. - 2 ani,OTC,M01AE01
NUROFEN PENTRU COPII 60 mg,IBUPROFENUM,SUPOZ.,60mg,RECKITT BENCKISER HEALTHCARE INTERNATIONAL LTD. - MAREA BRITANIE,"Cutie cu blist. din folie termosudabila
din Al/PE x 10 supoz. - 2 ani",OTC,M01AE01
NUROFEN PENTRU COPII 60 mg,IBUPROFENUM,SUPOZ.,60mg,RECKITT BENCKISER HEALTHCARE INTERNATIONAL LTD. - MAREA BRITANIE,"Cutie cu blist. din folie termosudabila
din Al/PE x 11 supoz. - 2 ani",OTC,M01AE01
NUROFEN PENTRU COPII 60 mg,IBUPROFENUM,SUPOZ.,60mg,RECKITT BENCKISER HEALTHCARE INTERNATIONAL LTD. - MAREA BRITANIE,"Cutie cu blist. din folie termosudabila
din Al/PE x 12 supoz. - 2 ani",OTC,M01AE01
NUROFEN PENTRU COPII 60 mg,IBUPROFENUM,SUPOZ.,60mg,RECKITT BENCKISER HEALTHCARE INTERNATIONAL LTD. - MAREA BRITANIE,"Cutie cu blist. din folie termosudabila
din Al/PE x 13 supoz. - 2 ani",OTC,M01AE01
NUROFEN PENTRU COPII 60 mg,IBUPROFENUM,SUPOZ.,60mg,RECKITT BENCKISER HEALTHCARE INTERNATIONAL LTD. - MAREA BRITANIE,"Cutie cu blist. din folie termosudabila
din Al/PE x 14 supoz. - 2 ani",OTC,M01AE01
NUROFEN PENTRU COPII 60 mg,IBUPROFENUM,SUPOZ.,60mg,RECKITT BENCKISER HEALTHCARE INTERNATIONAL LTD. - MAREA BRITANIE,"Cutie cu blist. din folie termosudabila
din Al/PE x 15 supoz. - 2 ani",OTC,M01AE01
Denumirea comerciala,DCI,Forma,Conc,Firma / Tara detinatoare,Ambalaj,Pres.,ATC
Denumirea comerciala,DCI,Forma,Conc,Firma / Tara detinatoare,"Cutie cu blist. din folie termosudabila
din Al/PE x 16 supoz. - 2 ani",OTC,M01AE01
Denumirea comerciala,DCI,Forma,Conc,Firma / Tara detinatoare,"Cutie cu blist. din folie termosudabila
din Al/PE x 17 supoz. - 2 ani",OTC,M01AE01
Denumirea comerciala,DCI,Forma,Conc,Firma / Tara detinatoare,"Cutie cu blist. din folie termosudabila
din Al/PE x 18 supoz. - 2 ani",OTC,M01AE01
Denumirea comerciala,DCI,Forma,Conc,Firma / Tara detinatoare,"Cutie cu blist. din folie termosudabila
din Al/PE x 19 supoz. - 2 ani",OTC,M01AE01
Denumirea comerciala,DCI,Forma,Conc,Firma / Tara detinatoare,"Cutie cu blist. din folie termosudabila
din Al/PE x 20 supoz. - 2 ani",OTC,M01AE01
"NUROFEN RACEALA SI GRIPA
200 mg/30 mg",COMBINATII,COMPR. FILM.,200mg/30mg,RECKITT BENCKISER HEALTHCARE INTERNATIONAL LIMITED - MAREA BRITANIE,Cutie cu 1 blist. PVC/PVDC-Al x 12 compr. film. - 3 ani,OTC,R01BA52
"NUROFEN RACEALA SI GRIPA
200 mg/30 mg",COMBINATII,COMPR. FILM.,200mg/30mg,RECKITT BENCKISER HEALTHCARE INTERNATIONAL LIMITED - MAREA BRITANIE,"Cutie cu 2 blist. PVC/PVDC-Al x 12
compr. film. - 3 ani",OTC,R01BA52
NUROFEN® 200 mg,IBUPROFENUM,DRAJ.,200mg,RECKITT BENCKISER HEALTHCARE INTERNATIONAL LIMITED - MAREA BRITANIE,Cutie din carton x 1 blist. x 6 draj. - 3 ani,OTC,M01AE01
NUROFEN® 200 mg,IBUPROFENUM,DRAJ.,200mg,RECKITT BENCKISER HEALTHCARE INTERNATIONAL LIMITED - MAREA BRITANIE,"Cutie din carton x 1 blist. x 12 draj. - 3
ani",OTC,M01AE01
NUROFEN® 200 mg,IBUPROFENUM,DRAJ.,200mg,RECKITT BENCKISER HEALTHCARE INTERNATIONAL LIMITED - MAREA BRITANIE,"Cutie din carton x 2 blist. x 12 draj. - 3
ani",OTC,M01AE01
NUROFEN® 200 mg,IBUPROFENUM,DRAJ.,200mg,RECKITT BENCKISER HEALTHCARE INTERNATIONAL LIMITED - MAREA BRITANIE,"Cutie din carton x 4 blist. x 12 draj. - 3
ani",OTC,M01AE01
NUROFEN® 200 mg,IBUPROFENUM,DRAJ.,200mg,RECKITT BENCKISER HEALTHCARE INTERNATIONAL LIMITED - MAREA BRITANIE,"Cutie din material plastic. inchisa cu capac flip-top x 1 blist. x 12 draj. - 3
ani",OTC,M01AE01
NUROFEN® 200 mg,IBUPROFENUM,DRAJ.,200mg,RECKITT BENCKISER HEALTHCARE INTERNATIONAL LIMITED - MAREA BRITANIE,"Cutie din carton x 1 blist. x 8 draj. - 3
ani",OTC,M01AE01
NUROFEN® 200 mg,IBUPROFENUM,DRAJ.,200mg,RECKITT BENCKISER HEALTHCARE INTERNATIONAL LIMITED - MAREA BRITANIE,"Cutie din carton x 1 blist. x 10 draj. - 3
ani",OTC,M01AE01
"NUROFEN® PENTRU COPII. cu
aroma de capsuni",IBUPROFENUM,SUSP. ORALA,100mg/5ml,"RECKITT BENCKISER HEALTHCARE INTERNATIONAL
LIMITED - MAREA BRITANIE","Cutie x 1 flac. din tereftalat de polietilena x 100 ml susp. orala +
seringa dozat. PP + piston PE - 3 ani",OTC,M01AE01
"NUROFEN® PENTRU COPII. cu
aroma de portocala",IBUPROFENUM,SUSP. ORALA,,RECKITT BENCKISER HEALTHCARE INTERNATIONAL LIMITED - MAREA BRITANIE,"Cutie x 1 flac.  din tereftalat  de PE + 1 seringa dozatoare PP cu piston din PE
- 3 ani",OTC,M01AE01
"NUROFEN® PENTRU COPII. cu
aroma de portocala",IBUPROFENUM,SUSP. ORALA,,RECKITT BENCKISER HEALTHCARE INTERNATIONAL LIMITED - MAREA BRITANIE,"Cutie x 1 flac. din tereftalat  de PE x 150 ml + 1 seringa dozatoare PP cu
piston din PE - 3 ani",OTC,M01AE01
Denumirea comerciala,DCI,Forma,Conc,Firma / Tara detinatoare,Ambalaj,Pres.,ATC
NUROFEN® PLUS,COMBINATII,COMPR. FILM.,,RECKITT BENCKISER HEALTHCARE INTERNATIONAL LIMITED - MAREA BRITANIE,Cutie x 1 blist. x 12 compr. film. - 3 ani,OTC,M01AE51
NUROFEN® PLUS,COMBINATII,COMPR. FILM.,,RECKITT BENCKISER HEALTHCARE INTERNATIONAL LIMITED - MAREA BRITANIE,Cutie x 2 blist. x 12 compr. film. - 3 ani,OTC,M01AE51
NUROFEN® PLUS,COMBINATII,COMPR. FILM.,,RECKITT BENCKISER HEALTHCARE INTERNATIONAL LIMITED - MAREA BRITANIE,Cutie x 1 blist. x 4 compr. film. - 3 ani,OTC,M01AE51
NUROFEN® PLUS,COMBINATII,COMPR. FILM.,,RECKITT BENCKISER HEALTHCARE INTERNATIONAL LIMITED - MAREA BRITANIE,Cutie x 1 blist. x 6 compr. film. - 3 ani,OTC,M01AE51
OCULOTECT FLUID,POVIDONUM IODINATUM,"PICATURI
OFT.-SOL.",50mg/ml,"S.A. ALCON-COUVREUR N.V. -
BELGIA","Cutie x 1 flacon din PP x 10 ml pic.
oftalmice. sol. - 2 ani",OTC,S01XA20
OCULOTECT FLUID 50mg/ml,POVIDONUM IODINATUM,PIC. OFT..SOL.,,S.A. ALCON-COUVREUR N.V. - BELGIA,"Cutie x 20 flacoane unidoza din PEJD
x 0.4 ml pic. oftalmice. sol. - 2 ani",OTC/S,S01XA20
OCULOTECT FLUID 50mg/ml,POVIDONUM IODINATUM,PIC. OFT..SOL.,,S.A. ALCON-COUVREUR N.V. - BELGIA,"Cutie x 60 flacoane unidoza din PEJD
x 0.4 ml pic. oftalmice. sol. - 2 ani",OTC/S,S01XA20
OCULOTECT FLUID 50mg/ml,POVIDONUM IODINATUM,PIC. OFT..SOL.,,S.A. ALCON-COUVREUR N.V. - BELGIA,"Cutie x 120 flacoane unidoza din
PEJD x 0.4 ml pic. oftalmice. sol. - 2 ani",OTC/S,S01XA20
OLTROLA 100 mg,ACIDUM ACETYLSALICYLICUM,COMPR. GASTROREZ.,100mg,PFIZER EUROPE MA EEIG - MAREA BRITANIE,"Cutie cu blist. Al/Al continand un strat
de PE cu desicant x 28 compr. gastrorez. - 2 ani",OTC,B01AC06
OLTROLA 100 mg,ACIDUM ACETYLSALICYLICUM,COMPR. GASTROREZ.,100mg,PFIZER EUROPE MA EEIG - MAREA BRITANIE,"Cutie cu blist. Al/Al continand un strat
de PE cu desicant x 50 compr. gastrorez. - 2 ani",OTC,B01AC06
OLTROLA 100 mg,ACIDUM ACETYLSALICYLICUM,COMPR. GASTROREZ.,100mg,PFIZER EUROPE MA EEIG - MAREA BRITANIE,"Flac. din PEID x 30 compr. gastrorez.
- 2 ani",OTC,B01AC06
OLTROLA 100 mg,ACIDUM ACETYLSALICYLICUM,COMPR. GASTROREZ.,100mg,PFIZER EUROPE MA EEIG - MAREA BRITANIE,"Flac. din PEID x 50 compr. gastrorez.
- 2 ani",OTC,B01AC06
OLTROLA 100 mg,ACIDUM ACETYLSALICYLICUM,COMPR. GASTROREZ.,100mg,PFIZER EUROPE MA EEIG - MAREA BRITANIE,"Flac. din PEID x 60 compr. gastrorez.
- 2 ani",OTC,B01AC06
OLTROLA 100 mg,ACIDUM ACETYLSALICYLICUM,COMPR. GASTROREZ.,100mg,PFIZER EUROPE MA EEIG - MAREA BRITANIE,"Flac. din PEID x 90 compr. gastrorez.
- 2 ani",OTC,B01AC06
OLTROLA 100 mg,ACIDUM ACETYLSALICYLICUM,COMPR. GASTROREZ.,100mg,PFIZER EUROPE MA EEIG - MAREA BRITANIE,"Flac. din PEID x 100 compr. gastrorez.
- 2 ani",OTC,B01AC06
OLTROLA 75 mg,ACIDUM ACETYLSALICYLICUM,COMPR. GASTROREZ.,75mg,PFIZER EUROPE MA EEIG - MAREA BRITANIE,"Cutie cu blist. Al/Al continand un strat de PE cu desicant x 28 compr.
gastrorez. - 2 ani",OTC,B01AC06
OLTROLA 75 mg,ACIDUM ACETYLSALICYLICUM,COMPR. GASTROREZ.,75mg,PFIZER EUROPE MA EEIG - MAREA BRITANIE,"Cutie cu blist. Al/Al continand un strat
de PE cu desicant x 50 compr. gastrorez. - 2 ani",OTC,B01AC06
OLTROLA 75 mg,ACIDUM ACETYLSALICYLICUM,COMPR. GASTROREZ.,75mg,PFIZER EUROPE MA EEIG - MAREA BRITANIE,"Flac. din PEID x 30 compr. gastrorez.
- 2 ani",OTC,B01AC06
OLTROLA 75 mg,ACIDUM ACETYLSALICYLICUM,COMPR. GASTROREZ.,75mg,PFIZER EUROPE MA EEIG - MAREA BRITANIE,Flac. din PEID x 50 compr. gastrorez.,OTC,B01AC06
Denumirea comerciala,DCI,Forma,Conc,Firma / Tara detinatoare,Ambalaj,Pres.,ATC
Denumirea comerciala,DCI,Forma,Conc,Firma / Tara detinatoare,- 2 ani,,
Denumirea comerciala,DCI,Forma,Conc,Firma / Tara detinatoare,"Flac. din PEID x 60 compr. gastrorez.
- 2 ani",OTC,B01AC06
Denumirea comerciala,DCI,Forma,Conc,Firma / Tara detinatoare,"Flac. din PEID x 90 compr. gastrorez.
- 2 ani",OTC,B01AC06
Denumirea comerciala,DCI,Forma,Conc,Firma / Tara detinatoare,"Flac. din PEID x 100 compr. gastrorez.
- 2 ani",OTC,B01AC06
OLYNTH HA 1 mg/ml,XYLOMETAZOLINUM,SPRAY NAZ..SOL.,1mg/ml,MCNEIL PRODUCTS LIMITED C/O JOHNSON&JOHNSON - MAREA BRITANIE,"Cutie cu 1 flac. PEID prevazut cu sistem de pompare tip 3K din PP si capac din PEID x 10 ml spray nazal.. sol. - 3 ani-dupa ambalarea pt. comercializare; dupa prima
deschidere-1 an",OTC,R01AA07
OMEPRAZOL SANDOZ 10 mg,OMEPRAZOLUM,CAPS. GASTROREZ.,10 mg,SANDOZ  SRL - ROMANIA,"Cutie cu blist. Al/Al x 7 caps.
gastrorez. - 2 ani",OTC,A02BC01
OMEPRAZOL SANDOZ 10 mg,OMEPRAZOLUM,CAPS. GASTROREZ.,10 mg,SANDOZ  SRL - ROMANIA,"Cutie cu blist. Al/Al x 14 caps.
gastrorez. - 2 ani",OTC,A02BC01
OMEPRAZOL SANDOZ 10 mg,OMEPRAZOLUM,CAPS. GASTROREZ.,10 mg,SANDOZ  SRL - ROMANIA,"Cutie cu blist. Al/Al x 28 caps.
gastrorez. - 2 ani",OTC,A02BC01
OMEPRAZOL SANDOZ 10 mg,OMEPRAZOLUM,CAPS. GASTROREZ.,10 mg,SANDOZ  SRL - ROMANIA,"Cutie cu 1 flac. PEID x 7 caps.
gastrorez. - 2 ani",OTC,A02BC01
OMEPRAZOL SANDOZ 10 mg,OMEPRAZOLUM,CAPS. GASTROREZ.,10 mg,SANDOZ  SRL - ROMANIA,"Cutie cu 1 flac. PEID x 10  caps.
gastrorez. - 2 ani",OTC,A02BC01
OMEPRAZOL SANDOZ 10 mg,OMEPRAZOLUM,CAPS. GASTROREZ.,10 mg,SANDOZ  SRL - ROMANIA,"Cutie cu 1 flac. PEID x 14 caps.
gastrorez. - 2 ani",OTC,A02BC01
OMEPRAZOL SANDOZ 10 mg,OMEPRAZOLUM,CAPS. GASTROREZ.,10 mg,SANDOZ  SRL - ROMANIA,"Cutie cu 1 flac. PEID x 15 caps.
gastrorez. - 2 ani",OTC,A02BC01
OMEPRAZOL SANDOZ 10 mg,OMEPRAZOLUM,CAPS. GASTROREZ.,10 mg,SANDOZ  SRL - ROMANIA,"Cutie cu 1 flac. PEID x 20 caps.
gastrorez. - 2 ani",OTC,A02BC01
OMEPRAZOL SANDOZ 10 mg,OMEPRAZOLUM,CAPS. GASTROREZ.,10 mg,SANDOZ  SRL - ROMANIA,"Cutie cu 1 flac. PEID x 28 caps.
gastrorez. - 2 ani",OTC,A02BC01
OMEPRAZOL SANDOZ 20 mg,OMEPRAZOLUM,CAPS. GASTROREZ.,20 mg,SANDOZ  SRL - ROMANIA,"Cutie cu blist. Al/Al x 7 caps.
gastrorez. - 2 ani",OTC,A02BC01
OMEPRAZOL SANDOZ 20 mg,OMEPRAZOLUM,CAPS. GASTROREZ.,20 mg,SANDOZ  SRL - ROMANIA,"Cutie cu blist. Al/Al x 14 caps.
gastrorez. - 2 ani",OTC,A02BC01
OMEPRAZOL SANDOZ 20 mg,OMEPRAZOLUM,CAPS. GASTROREZ.,20 mg,SANDOZ  SRL - ROMANIA,"Cutie cu 1 flac. PEID x 7
caps.gastrorez. - 2 ani",OTC,A02BC01
OMEPRAZOL SANDOZ 20 mg,OMEPRAZOLUM,CAPS. GASTROREZ.,20 mg,SANDOZ  SRL - ROMANIA,"Cutie cu 1 flac. PEID x 10
caps.gastrorez. - 2 ani",OTC,A02BC01
Denumirea comerciala,DCI,Forma,Conc,Firma / Tara detinatoare,Ambalaj,Pres.,ATC
Denumirea comerciala,DCI,Forma,Conc,Firma / Tara detinatoare,"Cutie cu 1 flac. PEID x 14
caps.gastrorez. - 2 ani",OTC,A02BC01
ORLISTAT POLPHARMA 60 mg,ORLISTATUM,CAPS.,60mg,PHARMACEUTICAL  WORKS POLPHARMA SA - POLONIA,"Cutie cu blist. Al/PVC/PVDC x 42
caps. - 3 ani",OTC,A08AB01
ORLISTAT POLPHARMA 60 mg,ORLISTATUM,CAPS.,60mg,PHARMACEUTICAL  WORKS POLPHARMA SA - POLONIA,"Cutie cu blist. Al/PVC/PVDC x 60
caps. - 3 ani",OTC,A08AB01
ORLISTAT POLPHARMA 60 mg,ORLISTATUM,CAPS.,60mg,PHARMACEUTICAL  WORKS POLPHARMA SA - POLONIA,"Cutie cu blist. Al/PVC/PVDC x 84
caps. - 3 ani",OTC,A08AB01
ORLISTAT POLPHARMA 60 mg,ORLISTATUM,CAPS.,60mg,PHARMACEUTICAL  WORKS POLPHARMA SA - POLONIA,"Cutie cu blist. Al/PVC/PVDC x 90
caps. - 3 ani",OTC,A08AB01
ORLISTAT POLPHARMA 60 mg,ORLISTATUM,CAPS.,60mg,PHARMACEUTICAL  WORKS POLPHARMA SA - POLONIA,"Cutie cu blist. Al/PVC/PCTFE x 42
caps. - 3 ani",OTC,A08AB01
ORLISTAT POLPHARMA 60 mg,ORLISTATUM,CAPS.,60mg,PHARMACEUTICAL  WORKS POLPHARMA SA - POLONIA,"Cutie cu blist. Al/PVC/PCTFE x 60
caps. - 3 ani",OTC,A08AB01
ORLISTAT POLPHARMA 60 mg,ORLISTATUM,CAPS.,60mg,PHARMACEUTICAL  WORKS POLPHARMA SA - POLONIA,"Cutie cu blist. Al/PVC/PCTFE x 84
caps. - 3 ani",OTC,A08AB01
ORLISTAT POLPHARMA 60 mg,ORLISTATUM,CAPS.,60mg,PHARMACEUTICAL  WORKS POLPHARMA SA - POLONIA,"Cutie cu blist. Al/PVC/PCTFE x 90
caps. - 3 ani",OTC,A08AB01
ORLISTAT POLPHARMA 60 mg,ORLISTATUM,CAPS.,60mg,PHARMACEUTICAL  WORKS POLPHARMA SA - POLONIA,"Cutie cu 1 flac. PEID cu membrana si capac din PE tip ""push-fit"" x 42 caps. - 2 ani; dupa prima deschidere a flac.-6
luni",OTC,A08AB01
ORLISTAT POLPHARMA 60 mg,ORLISTATUM,CAPS.,60mg,PHARMACEUTICAL  WORKS POLPHARMA SA - POLONIA,"Cutie cu 1 flac. PEID cu membrana si capac din PE tip ""push-fit"" x 84 caps. - 2 ani; dupa prima deschidere a flac.-6
luni",OTC,A08AB01
ORLISTAT POLPHARMA 60 mg,ORLISTATUM,CAPS.,60mg,PHARMACEUTICAL  WORKS POLPHARMA SA - POLONIA,"Cutie cu 1 flac. PEID cu capac din PE tip ""push-fit"" prevazut cu desicant -site moleculare din silicagel x 42 caps. - 2 ani; dupa prima deschidere a flac.-6
luni",OTC,A08AB01
ORLISTAT POLPHARMA 60 mg,ORLISTATUM,CAPS.,60mg,PHARMACEUTICAL  WORKS POLPHARMA SA - POLONIA,"Cutie cu 1 flac. PEID cu capac din PE tip ""push-fit"" prevazut cu desicant -site moleculare din silicagel x 84 caps. - 2 ani; dupa prima deschidere a flac.-6
luni",OTC,A08AB01
ORLISTAT POLPHARMA 60 mg,ORLISTATUM,CAPS.,60mg,PHARMACEUTICAL  WORKS POLPHARMA SA - POLONIA,"Cutie cu 1 flac. PEID cu capac din PE tip ""push-fit"" prevazut cu
desicant-silicagel cu pori largi x 42
caps. - 2 ani; dupa prima deschidere a",OTC,A08AB01
Denumirea comerciala,DCI,Forma,Conc,Firma / Tara detinatoare,Ambalaj,Pres.,ATC
Denumirea comerciala,DCI,Forma,Conc,Firma / Tara detinatoare,flac.-6 luni,,
Denumirea comerciala,DCI,Forma,Conc,Firma / Tara detinatoare,"Cutie cu 1 flac. PEID cu capac din PE tip ""push-fit"" prevazut cu
desicant-silicagel cu pori largi x 84 caps. - 2 ani; dupa prima deschidere a
flac.-6 luni",OTC,A08AB01
Denumirea comerciala,DCI,Forma,Conc,Firma / Tara detinatoare,"Cutie cu 1 flac. PEID cu capac din PE tip ""push-fit"" prevazut cu
desicant-silicagel cu pori ingusti x 42 caps. - 2 ani; dupa prima deschidere a
flac.-6 luni",OTC,A08AB01
Denumirea comerciala,DCI,Forma,Conc,Firma / Tara detinatoare,"Cutie cu 1 flac. PEID cu capac din PE tip ""push-fit"" prevazut cu
desicant-silicagel cu pori ingusti x 84 caps. - 2 ani; dupa prima deschidere a
flac.-6 luni",OTC,A08AB01
OROFAR,COMBINATII,CAPS. MOI,1mg/1mg,"NOVARTIS CONSUMER HEALTH
GMBH - GERMANIA","Cutie x 2 blist. Al/PVC x 12 caps. moi -
3 ani",OTC,R02AA20
OROFAR,COMBINATII,"COMPR. DE
SUPT",,"NOVARTIS CONSUMER HEALTH
GMBH - GERMANIA","Cutie x 3 blist. PVC-PE-PVDC/Al x 8
compr. supt. - 3 ani",OTC,R02AA20
OROFAR,COMBINATII,"SPRAY BUCOFARINGIAN
-SOL.",,NOVARTIS CONSUMER HEALTH GMBH - GERMANIA,"Cutie x 1 flacon din PEID x 30 ml
spray bucofaringian. sol. + aplicator - 5 ani",OTC,R02AA20
OSCILLOCOCCINUM,HOMEOPATE,GRAN. HOMEOPATE,,LABORATOIRES BOIRON - FRANTA,"Cutie cu 3 flac. unidoza x 1 g gran.
homeopate - 5 ani",OTC,V03AX
OSCILLOCOCCINUM,HOMEOPATE,GRAN. HOMEOPATE,,LABORATOIRES BOIRON - FRANTA,"Cutie cu 6 flac. unidoza x 1 g gran.
homeopate - 5 ani",OTC,V03AX
OSCILLOCOCCINUM,HOMEOPATE,GRAN. HOMEOPATE,,LABORATOIRES BOIRON - FRANTA,"Cutie cu 30 flac. unidoza x 1 g gran.
homeopate - 5 ani",OTC,V03AX
OSTEOCYNESINE,HOMEOPATE,COMPR.,,LAB. BOIRON - FRANTA,"Cutie x 3 blist. Al/PVC x 20 compr. - 5
ani",OTC,XRNIT
OTIPAX,COMBINATII,"PICATURI AURICULARE-SO
L.",,BIOCODEX - FRANTA,"Cutie x 1 flacon din sticla x 16 g pic. auric. sol.+ 1 aplicator pt. picurare
introdus in blister din hartie/PE - 3 ani",OTC,S02DA30
OTIRELAX 45.5mg/11.4 mg/ml,COMBINATII (FENAZONUM+LIDOCAINUM),"PICATURI AURICULARE-SO
L.","45.5mg/11.4
mg/ml",ROMPHARM COMPANY S.R.L. - ROMANIA,Cutie cu 1 flac. PEJD x 15 ml picaturi auriculare. sol. - 2 ani,OTC,S02DA30
OTOCALM,COMBINATII,"PICATURI
AURICULARE-SO",,"PHARCO IMPEX 93 S.R.L. -
ROMANIA","Cutie x 1 flacon din PEJD. cu aplicator
pt. picurare x 10 ml  pic. auric..sol. - 3",OTC,S02DA30
Denumirea comerciala,DCI,Forma,Conc,Firma / Tara detinatoare,Ambalaj,Pres.,ATC
Denumirea comerciala,DCI,Forma,Conc,Firma / Tara detinatoare,ani,,
OTOTIS 3 mg/0.5 mg/ml,COMBINATII (CIPROFLOXACINUM+FLUOCIN OLONUM),PICATURI AURICULARE. SOL.,3mg/0.5mg/ml,TIS FARMACEUTIC S.A. - ROMANIA,"Cutie cu 1 flac. PE cu capacitatea de 10 ml + picurator PEJD care contine pic. auriculare. sol. - 3 ani-dupa ambalarea pt. comercializare; dupa
prima deschidere a flac.-28 zile",OTC,S02CA05
OTRINASE 1mg/ml,XYLOMETAZOLINUM,SPRAY NAZ..SOL.,1mg/ml,NOVARTIS CONSUMER HEALTH GMBH - GERMANIA,"Cutie x 1 flac. din PEID x 10 ml spray nazal. solutie. prevazut cu aplicator
nazal (nebulizator) - 3 ani",OTC,R01AA07
OTRINASE 1mg/ml MENTOL,XYLOMETAZOLINUM,SPRAY NAZ..SOL.,,NOVARTIS CONSUMER HEALTH GMBH - GERMANIA,"Cutie x 1 flac. din PEID. prevazut cu pompa dozatoare x 10 ml spray nazal
solutie - 30 luni",OTC,R01AA07
OXIMED,COMBINATII,"SPRAY CUT. -
SUSP.",,MEBRA SRL - ROMANIA,"Cutie x 1 flacon presurizat x 59.5 g - 2
ani",OTC,D07CA01
PACID 20 mg,PANTOPRAZOLUM,COMPR. GASTROREZ.,20mg,TERAPIA S.A. - ROMANIA,"Cutie x 1 blist. PA-Al-PVC/Al x 7
compr. gastrorez. - 3 ani",OTC,A02BC02
PACID 20 mg,PANTOPRAZOLUM,COMPR. GASTROREZ.,20mg,TERAPIA S.A. - ROMANIA,"Cutie x 2 blist. PA-Al-PVC/Al x 7
compr. gastrorez. - 3 ani",OTC,A02BC02
PADUDEN FORTE 400 mg,IBUPROFENUM,DRAJ.,400mg,TERAPIA S.A. - ROMANIA,"Cutie x 1 blist. PVC-PVDC/Al x 12
draj. - 3 ani",OTC,M01AE01
PADUDEN RAPID 200mg,IBUPROFENUM,COMPR. FILM.,200mg,TERAPIA S.A. - ROMANIA,"Cutie cu 1 blist. transparent PVC/Al x
10 compr. film. - 3 ani",OTC,M01AE01
PADUDEN RAPID 200mg,IBUPROFENUM,COMPR. FILM.,200mg,TERAPIA S.A. - ROMANIA,"Cutie cu 2 blist. transparente PVC/Al x
10 compr. film. - 3 ani",OTC,M01AE01
PADUDEN RAPID 200mg,IBUPROFENUM,COMPR. FILM.,200mg,TERAPIA S.A. - ROMANIA,"Cutie cu 1 blist. PVC/Al prevazut cu sistem de inchidere securizat pt. copii
x 10 compr. film. - 3 ani",OTC,M01AE01
PADUDEN RAPID 200mg,IBUPROFENUM,COMPR. FILM.,200mg,TERAPIA S.A. - ROMANIA,"Cutie cu 2 blist. PVC/Al prevazute cu sistem de inchidere securizat pt. copii
x 10 compr. film. - 3 ani",OTC,M01AE01
PADUDEN® 200 mg,IBUPROFENUM,CAPS.,,TERAPIA SA - ROMANIA,"Cutie x 2 blist. Al/PVC x 10 caps. - 4
ani",OTC,M01AE01
PADUDEN® 200 mg,IBUPROFENUM,CAPS.,,TERAPIA SA - ROMANIA,"Cutie x 1 blist. PVC/Al x 10 caps. - 4
ani",OTC,M01AE01
PANADOL 1 g,PARACETAMOLUM,COMPR. FILM.,1g,"GLAXOSMITHKLINE CONSUMER
HEALTHCARE - MAREA BRITANIE","Cutie cu 1 blist. Al/PVC x 10 compr.
film. - 3 ani",OTC,N02BE01
PANADOL 500 mg,PARACETAMOLUM,COMPR. EFF.,500mg,GLAXOSMITHKLINE CONSUMER HEALTHCARE - MAREA BRITANIE,"Cutie x 2 folii hartie-PE-Al-PE x 2
compr. eff. - 4 ani",OTC,N02BE01
PANADOL 500 mg,PARACETAMOLUM,COMPR. EFF.,500mg,GLAXOSMITHKLINE CONSUMER HEALTHCARE - MAREA BRITANIE,"Cutie x 6 folii hartie-PE-Al-PE x 2
compr. eff. - 4 ani",OTC,N02BE01
Denumirea comerciala,DCI,Forma,Conc,Firma / Tara detinatoare,Ambalaj,Pres.,ATC
Denumirea comerciala,DCI,Forma,Conc,Firma / Tara detinatoare,"Cutie x 12 folii hartie-PE-Al-PE x 2
compr. eff. - 4 ani",OTC,N02BE01
Denumirea comerciala,DCI,Forma,Conc,Firma / Tara detinatoare,"Cutie x 24 folii hartie-PE-Al-PE x 2
compr. eff. - 4 ani",OTC,N02BE01
Denumirea comerciala,DCI,Forma,Conc,Firma / Tara detinatoare,"Cutie x 30 folii hartie-PE-Al-PE x 2
compr. eff. - 4 ani",OTC/S,N02BE01
Denumirea comerciala,DCI,Forma,Conc,Firma / Tara detinatoare,"Cutie x 50 folii hartie-PE-Al-PE x 2
compr. eff. - 4 ani",OTC/S,N02BE01
PANADOL ARTRO 665 mg,PARACETAMOLUM,COMPR. ELIB. PREL.,665mg,GLAXOSMITHKLINE EXPORT LIMITED - MAREA BRITANIE,"Cutie cu 1 blist. PVC/PVDC/Al x 12
compr. elib. prel. - 3 ani",OTC,N02BE01
PANADOL ARTRO 665 mg,PARACETAMOLUM,COMPR. ELIB. PREL.,665mg,GLAXOSMITHKLINE EXPORT LIMITED - MAREA BRITANIE,"Cutie cu 2 blist. PVC/PVDC/Al x 12
compr. elib. prel. - 3 ani",OTC,N02BE01
PANADOL ARTRO 665 mg,PARACETAMOLUM,COMPR. ELIB. PREL.,665mg,GLAXOSMITHKLINE EXPORT LIMITED - MAREA BRITANIE,"Cutie cu 4 blist. PVC/PVDC/Al x 12
compr. elib. prel. - 3 ani",OTC,N02BE01
PANADOL ARTRO 665 mg,PARACETAMOLUM,COMPR. ELIB. PREL.,665mg,GLAXOSMITHKLINE EXPORT LIMITED - MAREA BRITANIE,"Cutie cu 8 blist. PVC/PVDC/Al x 12
compr. elib. prel. - 3 ani",OTC,N02BE01
PANADOL BABY,PARACETAMOLUM,SUSP. ORALA,120mg/5ml,GLAXOSMITHKLINE CONSUMER HEALTHCARE - MAREA BRITANIE,"Cutie x 1 flacon  din sticla bruna x 100
ml susp. orala + 1 seringa pt. adm. orala - 3 ani",OTC,N02BE01
PANADOL BABY,PARACETAMOLUM,SUSP. ORALA,120mg/5ml,GLAXOSMITHKLINE CONSUMER HEALTHCARE - MAREA BRITANIE,"Cutie x 1 flacon  din sticla bruna x 300
ml susp. orala + 1 seringa pt. adm. orala - 3 ani",OTC,N02BE01
PANADOL OPTIZORB 500 mg,PARACETAMOLUM,COMPR. FILM.,500mg,GLAXOSMITHKLINE EXPORT LIMITED - MAREA BRITANIE,"Cutie cu 1 blist. PVC/Al x 10 compr.
film. - 3 ani",OTC,N02BE01
PANADOL OPTIZORB 500 mg,PARACETAMOLUM,COMPR. FILM.,500mg,GLAXOSMITHKLINE EXPORT LIMITED - MAREA BRITANIE,"Cutie cu 1 blist. PVC/Al x 12 compr.
film. - 3 ani",OTC,N02BE01
PANADOL OPTIZORB 500 mg,PARACETAMOLUM,COMPR. FILM.,500mg,GLAXOSMITHKLINE EXPORT LIMITED - MAREA BRITANIE,"Cutie cu 2 blist. PVC/Al x 8 compr.
film. - 3 ani",OTC,N02BE01
PANADOL OPTIZORB 500 mg,PARACETAMOLUM,COMPR. FILM.,500mg,GLAXOSMITHKLINE EXPORT LIMITED - MAREA BRITANIE,"Cutie cu 2 blist. PVC/Al x 10 compr.
film. - 3 ani",OTC,N02BE01
PANADOL OPTIZORB 500 mg,PARACETAMOLUM,COMPR. FILM.,500mg,GLAXOSMITHKLINE EXPORT LIMITED - MAREA BRITANIE,"Cutie cu 2 blist. PVC/Al x 12 compr.
film. - 3 ani",OTC,N02BE01
PANADOL OPTIZORB 500 mg,PARACETAMOLUM,COMPR. FILM.,500mg,GLAXOSMITHKLINE EXPORT LIMITED - MAREA BRITANIE,"Cutie cu 4 blist. PVC/Al x 8 compr.
film. - 3 ani",OTC,N02BE01
PANADOL OPTIZORB 500 mg,PARACETAMOLUM,COMPR. FILM.,500mg,GLAXOSMITHKLINE EXPORT LIMITED - MAREA BRITANIE,"Cutie cu 4 blist. PVC/Al x 12 compr.
film. - 3 ani",OTC,N02BE01
PANADOL OPTIZORB 500 mg,PARACETAMOLUM,COMPR. FILM.,500mg,GLAXOSMITHKLINE EXPORT LIMITED - MAREA BRITANIE,"Cutie tip ""portofel"" cu 2 blist. PVC/Al x
6 compr. film. - 3 ani",OTC,N02BE01
PANADOL OPTIZORB 500 mg,PARACETAMOLUM,COMPR. FILM.,500mg,GLAXOSMITHKLINE EXPORT LIMITED - MAREA BRITANIE,"Cutie tip ""portofel"" cu 2 blist. PVC/Al x
8 compr. film. - 3 ani",OTC,N02BE01
Denumirea comerciala,DCI,Forma,Conc,Firma / Tara detinatoare,Ambalaj,Pres.,ATC
PANADOL RAPIDE,PARACETAMOLUM,COMPR. FILM.,,GLAXOSMITHKLINE CONSUMER HEALTHCARE - MAREA BRITANIE,"Cutie x 1 blist. Al/PVC x 10 compr.
film. - 3 ani",OTC,N02BE01
PANADOL RAPIDE,PARACETAMOLUM,COMPR. FILM.,,GLAXOSMITHKLINE CONSUMER HEALTHCARE - MAREA BRITANIE,"Cutie PVC. tip portofel x 1 blist.
Al/PVC x 10 compr. film. - 3 ani",OTC,N02BE01
PANADOL RAPIDE,PARACETAMOLUM,COMPR. FILM.,,GLAXOSMITHKLINE CONSUMER HEALTHCARE - MAREA BRITANIE,"Cutie PVC. tip portofel x 1 blist.
Al/PVC x 14 compr. film. - 3 ani",OTC,N02BE01
PANADOL®,PARACETAMOLUM,COMPR. FILM.,,GLAXOSMITHKLINE CONSUMER HEALTHCARE - MAREA BRITANIE,"Cutie x 1 blist. Al/PVC x 8 compr. film.
- 5 ani",OTC,N02BE01
PANADOL®,PARACETAMOLUM,COMPR. FILM.,,GLAXOSMITHKLINE CONSUMER HEALTHCARE - MAREA BRITANIE,"Cutie x 1 blist. Al/PVC x 12 compr.
film. - 5 ani",OTC,N02BE01
PANADOL®,PARACETAMOLUM,COMPR. FILM.,,GLAXOSMITHKLINE CONSUMER HEALTHCARE - MAREA BRITANIE,"Cutie x 2 blist. Al/PVC x 8 compr. film.
- 5 ani",OTC,N02BE01
PANADOL®,PARACETAMOLUM,COMPR. FILM.,,GLAXOSMITHKLINE CONSUMER HEALTHCARE - MAREA BRITANIE,"Cutie x 2 blist. Al/PVC x 12 compr.
film. - 5 ani",OTC,N02BE01
PANADOL®,PARACETAMOLUM,COMPR. FILM.,,GLAXOSMITHKLINE CONSUMER HEALTHCARE - MAREA BRITANIE,"Cutie x 4 blist. Al/PVC x 8 compr. film.
- 5 ani",OTC,N02BE01
PANADOL®,PARACETAMOLUM,COMPR. FILM.,,GLAXOSMITHKLINE CONSUMER HEALTHCARE - MAREA BRITANIE,"Cutie tip portofel x 1 blist. Al/PVC x 12
compr. film. - 5 ani",OTC,N02BE01
PANADOL®,PARACETAMOLUM,COMPR. FILM.,,GLAXOSMITHKLINE CONSUMER HEALTHCARE - MAREA BRITANIE,"Cutie tip portofel x 2 blist. Al/PVC x 8
compr. film. - 5 ani",OTC,N02BE01
PANADOL® EXTRA,COMBINATII,COMPR. FILM.,,GLAXOSMITHKLINE CONSUMER HEALTHCARE - MAREA BRITANIE,"Cutie x 1 blist. Al/PVC x 8 compr. film.
- 2 ani",OTC,N02BE51
PANADOL® EXTRA,COMBINATII,COMPR. FILM.,,GLAXOSMITHKLINE CONSUMER HEALTHCARE - MAREA BRITANIE,"Cutie x 1 blist. Al/PVC x 12 compr.
film. - 2 ani",OTC,N02BE51
PANADOL® EXTRA,COMBINATII,COMPR. FILM.,,GLAXOSMITHKLINE CONSUMER HEALTHCARE - MAREA BRITANIE,"Cutie x 2 blist. Al/PVC x 8 compr. film.
- 2 ani",OTC,N02BE51
PANADOL® EXTRA,COMBINATII,COMPR. FILM.,,GLAXOSMITHKLINE CONSUMER HEALTHCARE - MAREA BRITANIE,"Cutie x 2 blist. Al/PVC x 12 compr.
film. - 2 ani",OTC,N02BE51
PANADOL® EXTRA,COMBINATII,COMPR. FILM.,,GLAXOSMITHKLINE CONSUMER HEALTHCARE - MAREA BRITANIE,"Cutie x 4 blist. Al/PVC x 8 compr. film.
- 2 ani",OTC,N02BE51
PANADOL® EXTRA,COMBINATII,COMPR. FILM.,,GLAXOSMITHKLINE CONSUMER HEALTHCARE - MAREA BRITANIE,"Cutie tip portofel x 2 blist. Al/PVC a
cate 6 compr. film. - 2 ani",OTC,N02BE51
PANADOL® EXTRA,COMBINATII,COMPR. FILM.,,GLAXOSMITHKLINE CONSUMER HEALTHCARE - MAREA BRITANIE,"Cutie tip portofel x 2 blist. Al/PVC a
cate 8 compr. film. - 2 ani",OTC,N02BE51
PANADOL® EXTRA,COMBINATII,COMPR. FILM.,,GLAXOSMITHKLINE CONSUMER HEALTHCARE - MAREA BRITANIE,"Cutie tip portofel cu 1 blist. Al/PVC x 6 compr. film. si 1 blist. Al/PVC x 8
compr. film. - 2 ani",OTC,N02BE51
PANAFEN 200 mg,IBUPROFENUM,CAPS.,200mg,"GLAXOSMITHKLINE CONSUMER
HEALTHCARE S.R.L. - ROMANIA","Cutie cu 2 blist. Al/PVC x 10 caps. - 3
ani",OTC,M01AE01
PANAFEN 400 mg,IBUPROFENUM,CAPS.,400mg,GLAXOSMITHKLINE CONSUMER,Cutie x 2 blist. x 6 caps. - 3 ani,OTC,M01AE01
Denumirea comerciala,DCI,Forma,Conc,Firma / Tara detinatoare,Ambalaj,Pres.,ATC
Denumirea comerciala,DCI,Forma,Conc,Firma / Tara detinatoare,,,
PANANGIN,COMBINATII,COMPR. FILM.,175mg+166mg,"GEDEON RICHTER PLC -
UNGARIA","Cutie x 1 flac. PP x 50 compr. film. - 5
ani",OTC,A12BA30
PANGROL 10000,PANCREATINUM,CAPS. CU MINI-COMPR. GASTROREZ.,153.5mg,BERLIN CHEMIE AG (MENARINI GROUP) - GERMANIA,Cutie x 1 flacon din PP x 20 caps. cu mini-compr. gastrorez. - 2 ani,OTC,A09AA02
PANGROL 10000,PANCREATINUM,CAPS. CU MINI-COMPR. GASTROREZ.,153.5mg,BERLIN CHEMIE AG (MENARINI GROUP) - GERMANIA,"Cutie x 1 flacon din PP x 50 caps. cu
mini-compr. gastrorez. - 2 ani",OTC,A09AA02
PANGROL 10000,PANCREATINUM,CAPS. CU MINI-COMPR. GASTROREZ.,153.5mg,BERLIN CHEMIE AG (MENARINI GROUP) - GERMANIA,"Cutie x 1 flacon din PP x 100 caps. cu
mini-compr. gastrorez. - 2 ani",OTC/S,A09AA02
PANTECTA CONTROL,PANTOPRAZOLUM,COMPR. GASTROREZ.,20mg,NYCOMED  GMBH - GERMANIA,"Cutie x blist. Al/Al x 7 compr.
gastrorez. - 3 ani",OTC,A02BC02
PANTECTA CONTROL,PANTOPRAZOLUM,COMPR. GASTROREZ.,20mg,NYCOMED  GMBH - GERMANIA,"Cutie x blist. Al/Al x 14 compr.
gastrorez. - 3 ani",OTC,A02BC02
PANTECTA CONTROL,PANTOPRAZOLUM,COMPR. GASTROREZ.,20mg,NYCOMED  GMBH - GERMANIA,"Cutie x blist. Al/Al cu suport de carton
x 7 compr. gastrorez. - 3 ani",OTC,A02BC02
PANTECTA CONTROL,PANTOPRAZOLUM,COMPR. GASTROREZ.,20mg,NYCOMED  GMBH - GERMANIA,"Cutie x blist. Al/Al cu suport de carton
x 14 compr. gastrorez. - 3 ani",OTC,A02BC02
PANTHENOL SPRAY,DEXPANTHENOLUM,SPUMA CUT.,46.30mg/g,"CHAUVIN ANKERPHARM GMBH -
GERMANIA","Cutie x 1 flacon presurizat din Al x 130
g spuma cutanata - 3 ani",OTC,D03AX03
PANTOLOC CONTROL,PANTOPRAZOLUM,COMPR. GASTROREZ.,20mg,NYCOMED  GMBH - GERMANIA,"Cutie x blist. Al/Al x 7 compr.
gastrorez. - 3 ani",OTC,A02BC02
PANTOLOC CONTROL,PANTOPRAZOLUM,COMPR. GASTROREZ.,20mg,NYCOMED  GMBH - GERMANIA,"Cutie x blist. Al/Al x 14 compr.
gastrorez. - 3 ani",OTC,A02BC02
PANTOLOC CONTROL,PANTOPRAZOLUM,COMPR. GASTROREZ.,20mg,NYCOMED  GMBH - GERMANIA,"Cutie x blist. Al/Al cu suport de carton
x 7 compr. gastrorez. - 3 ani",OTC,A02BC02
PANTOLOC CONTROL,PANTOPRAZOLUM,COMPR. GASTROREZ.,20mg,NYCOMED  GMBH - GERMANIA,"Cutie x blist. Al/Al cu suport de carton
x 14 compr. gastrorez. - 3 ani",OTC,A02BC02
PANTOPRAZOL CONTROL,PANTOPRAZOLUM,COMPR. GASTROREZ.,,NYCOMED GMBH - GERMANIA,"Cutie x blist. Al/Al x 7 compr.
gastrorez. - 3 ani",OTC,A02BC02
PANTOPRAZOL CONTROL,PANTOPRAZOLUM,COMPR. GASTROREZ.,,NYCOMED GMBH - GERMANIA,"Cutie x blist. Al/Al x 14 compr.
gastrorez. - 3 ani",OTC,A02BC02
PANTOPRAZOL CONTROL,PANTOPRAZOLUM,COMPR. GASTROREZ.,,NYCOMED GMBH - GERMANIA,"Cutie x blist. Al/Al cu suport de cartonx
7 compr. gastrorez. - 3 ani",OTC,A02BC02
PANTOPRAZOL CONTROL,PANTOPRAZOLUM,COMPR. GASTROREZ.,,NYCOMED GMBH - GERMANIA,"Cutie x blist. Al/Al cu suport de carton
x 14 compr. gastrorez. - 3 ani",OTC,A02BC02
PANTOR 20 mg,PANTOPRAZOLUM,"COMPR.
GASTROREZ.",,"TORRENT PHARMA S.R.L. -
ROMANIA","Cutie cu 2 blist. OPA-Al-PVC/Al x 7
compr. gastrorez. - 3 ani",OTC,A02BC02
PANZCEBIL,PANCREATINUM IN COMBINATII,"DRAJ.
GASTROREZ.",,BIOFARM SA - ROMANIA,"Cutie cu 1 blist. PVC/Al x 10 draj.
gastrorez. - 3 ani",OTC,A09AN02
Denumirea comerciala,DCI,Forma,Conc,Firma / Tara detinatoare,Ambalaj,Pres.,ATC
Denumirea comerciala,DCI,Forma,Conc,Firma / Tara detinatoare,"Cutie cu 2 blist. PVC/Al x 10 draj.
gastrorez. - 3 ani",OTC,A09AN02
PAPAVERINA  ARENA 50 mg,PAPAVERINI HYDROCHLORIDUM,COMPR.,50mg,ARENA GROUP SA - ROMANIA,"Cutie x 2 blist.  Al/PVC x 10 compr. - 3
ani",OTC,A03AD01
PAPAVERINA  ARENA 50 mg,PAPAVERINI HYDROCHLORIDUM,COMPR.,50mg,ARENA GROUP SA - ROMANIA,"Cutie x 100 blist.  Al/PVC x 10 compr.
- 3 ani",OTC/S,A03AD01
PARACETAMOL 500 mg,PARACETAMOLUM,COMPR.,500 mg,ANTIBIOTICE SA - ROMANIA,"Cutie x 1 blist. Al/PVC x 10 compr. - 2
ani",OTC,N02BE01
PARACETAMOL 500 mg,PARACETAMOLUM,COMPR.,500 mg,ANTIBIOTICE SA - ROMANIA,"Cutie x 2 blist. Al/PVC x 10 compr. - 2
ani",OTC,N02BE01
PARACETAMOL 500 mg,PARACETAMOLUM,COMPR.,500 mg,ANTIBIOTICE SA - ROMANIA,"Cutie x 150 blist. Al/PVC x 10 compr. -
2 ani",OTC/S,N02BE01
PARACETAMOL 500 mg,PARACETAMOLUM,COMPR.,500mg,REMEDIA SRL - ROMANIA,"Cutie x 2 blist. Al/PVC x 10 compr. - 2
ani",OTC,N02BE01
PARACETAMOL 500 mg,PARACETAMOLUM,COMPR.,500mg,REMEDIA SRL - ROMANIA,"Cutie x 100 blist. Al/PVC x 10 compr. -
2 ani",OTC/S,N02BE01
PARACETAMOL 500 mg,PARACETAMOLUM,COMPR.,,MAGISTRA C & C - ROMANIA,Cutie x 2 blist. x 10 compr. - 2 ani,OTC,N02BE01
PARACETAMOL 500 mg,PARACETAMOLUM,COMPR.,,FABIOL SA - ROMANIA,"Cutie x 2 blist. Al/PVC x 10 compr. - 2
ani",OTC,N02BE01
PARACETAMOL 500 mg,PARACETAMOLUM,COMPR.,,SLAVIA PHARM S.R.L. - ROMANIA,"Cutie x 1 blist. PVC/Al x 10 compr. - 2
ani",OTC,N02BE01
PARACETAMOL 500 mg,PARACETAMOLUM,COMPR.,,SLAVIA PHARM S.R.L. - ROMANIA,"Cutie x 2 blist. PVC/Al x 10 compr. - 2
ani",OTC,N02BE01
"PARACETAMOL ARENA 120 mg/5
ml",PARACETAMOLUM,SOL. ORALA PT. COPII,120mg/5ml,ARENA  GROUP S.A. - ROMANIA,"Cutie cu 1 flac. din PVC+ lingurita dozatoare din PP. care contine 100 ml sol. orala pt. copii - 3 ani-dupa mabalarea pt. comercializare; dupa
prima deschidere a flac.-28 zile",OTC,N02BE01
PARACETAMOL ARENA 500 mg,PARACETAMOLUM,COMPR.,500mg,ARENA GROUP SA - ROMANIA,"Cutie x 1 blist.  Al/PVC x 10 compr. - 3
ani",OTC,N02BE01
PARACETAMOL ARENA 500 mg,PARACETAMOLUM,COMPR.,500mg,ARENA GROUP SA - ROMANIA,"Cutie x 3 blist. Al/PVC x 10 compr. - 3
ani",OTC,N02BE01
PARACETAMOL ARENA 500 mg,PARACETAMOLUM,COMPR.,500mg,ARENA GROUP SA - ROMANIA,"Cutie x 100 blist. Al/PVC x 10 compr. -
3 ani",OTC/S,N02BE01
PARACETAMOL ATB 125 mg,PARACETAMOLUM,SUPOZ.,125mg,ANTIBIOTICE S.A. - ROMANIA,"Cutie cu 2 folii PVC/PE x 3 supoz. - 3
ani",OTC,N02BE01
PARACETAMOL ATB 125 mg,PARACETAMOLUM,SUPOZ.,125mg,ANTIBIOTICE S.A. - ROMANIA,"Cutie cu 1 folie PVC/PE  x 6 supoz. - 3
ani",OTC,N02BE01
PARACETAMOL ATB 125 mg,PARACETAMOLUM,SUPOZ.,125mg,ANTIBIOTICE S.A. - ROMANIA,"Cutie cu 2 folii PVC/PE  x 6 supoz. - 3
ani",OTC,N02BE01
Denumirea comerciala,DCI,Forma,Conc,Firma / Tara detinatoare,Ambalaj,Pres.,ATC
PARACETAMOL ATB 250 mg,PARACETAMOLUM,SUPOZ.,250mg,ANTIBIOTICE S.A. - ROMANIA,"Cutie cu 2 folii PVC/PE x 3 supoz. - 3
ani",OTC,N02BE01
PARACETAMOL ATB 250 mg,PARACETAMOLUM,SUPOZ.,250mg,ANTIBIOTICE S.A. - ROMANIA,"Cutie cu 1 folie PVC/PE x 6 supoz. - 3
ani",OTC,N02BE01
PARACETAMOL ATB 250 mg,PARACETAMOLUM,SUPOZ.,250mg,ANTIBIOTICE S.A. - ROMANIA,"Cutie cu 2 folii PVC/PE x 6 supoz. - 3
ani",OTC,N02BE01
PARACETAMOL BIOFARM 500mg,PARACETAMOLUM,COMPR.,500mg,BIOFARM S.A. - ROMANIA,"Cutie x 2 blist. PVC/Al x 10 compr. - 2
ani",OTC,N02BE01
"PARACETAMOL CENTROFARM
500 mg",PARACETAMOLUM,COMPR.,,CENTROFARM S.A. - ROMANIA,"Cutie cu 1 blist. PVC/Al x 10 compr. -
2 ani",OTC,N02BE01
"PARACETAMOL CENTROFARM
500 mg",PARACETAMOLUM,COMPR.,,CENTROFARM S.A. - ROMANIA,"Cutie cu 2 blist. PVC/Al x 10 compr. -
2 ani",OTC,N02BE01
PARACETAMOL FARMEX 500mg,PARACETAMOLUM,COMPR.,,FARMEX COMPANY SRL - ROMANIA,"Cutie x 2 blist. Al/PVC x 10 compr. - 2
ani",OTC,N02BE01
PARACETAMOL FARMEX 500mg,PARACETAMOLUM,COMPR.,,FARMEX COMPANY SRL - ROMANIA,"Cutie x 50 blist. Al/PVC x 10 compr. -
2 ani",OTC/S,N02BE01
PARACETAMOL INFANT 160 mg,PARACETAMOLUM,COMPR.,160mg,FARMACIST MAN S.R.L. - ROMANIA,"Cutie cu 2 blist. PVC/Al x 10 compr. -
3 ani",OTC,N02BE01
PARACETAMOL INFANT 160 mg,PARACETAMOLUM,COMPR.,160mg,FARMACIST MAN S.R.L. - ROMANIA,"Cutie cu 1 blist. PVC/Al x 20 compr. -
3 ani",OTC,N02BE01
PARACETAMOL LPH 500 mg,PARACETAMOLUM,COMPR.,500mg,LABORMED PHARMA SA - ROMANIA,"Cutie x 2 blist. Al/PVC x 10 compr. - 3
ani",OTC,N02BE01
PARACETAMOL LPH 500 mg,PARACETAMOLUM,COMPR.,500mg,LABORMED PHARMA SA - ROMANIA,"Cutie x 100 blist. Al/PVC x 10 compr. -
3 ani",OTC/S,N02BE01
PARACETAMOL MCC 125 mg,PARACETAMOLUM,SUPOZ.,125mg,MAGISTRA C & C SRL - ROMANIA,"Cutie x 2 folii PE/PVC termosudate x 5
supoz. - 2 ani",OTC,N02BE01
PARACETAMOL MCC 250 mg,PARACETAMOLUM,SUPOZ.,250mg,MAGISTRA C & C SRL - ROMANIA,"Cutie x 2 folii PE/PVC termosudate x 5
supoz. - 2 ani",OTC,N02BE01
PARACETAMOL OZONE 500 mg,PARACETAMOLUM,COMPR.,500mg,"OZONE LABORATORIES PHARMA
S.A. - ROMANIA","Cutie x 2 blist. PVC/Al x 10 compr. - 3
ani",OTC,N02BE01
PARACETAMOL SANDOZ 1000 mg,PARACETAMOLUM,COMPR.,1000mg,SANDOZ  SRL - ROMANIA,"Cutie cu blist. PVC/Al x 8 compr. - 3
ani",OTC,N02BE01
PARACETAMOL SANDOZ 1000 mg,PARACETAMOLUM,COMPR.,1000mg,SANDOZ  SRL - ROMANIA,"Cutie cu blist. PVC/Al x 10 compr. - 3
ani",OTC,N02BE01
PARACETAMOL SANDOZ 500 mg,PARACETAMOLUM,COMPR.,500mg,SANDOZ  SRL - ROMANIA,"Cutie cu blist. PVC/Al x 10 compr. - 3
ani",OTC,N02BE01
PARACETAMOL SANDOZ 500 mg,PARACETAMOLUM,COMPR.,500mg,SANDOZ  SRL - ROMANIA,"Cutie cu blist. PVC/Al x 12 compr. - 3
ani",OTC,N02BE01
PARACETAMOL SANDOZ 500 mg,PARACETAMOLUM,COMPR.,500mg,SANDOZ  SRL - ROMANIA,"Cutie cu blist. PVC/Al x 16 compr. - 3
ani",OTC,N02BE01
Denumirea comerciala,DCI,Forma,Conc,Firma / Tara detinatoare,Ambalaj,Pres.,ATC
Denumirea comerciala,DCI,Forma,Conc,Firma / Tara detinatoare,"Cutie cu blist. PVC/Al x 20 compr. - 3
ani",OTC,N02BE01
PARACETAMOL SANTA,PARACETAMOLUM,COMPR.,,SANTA SA - ROMANIA,"Cutie x 2 blist. Al/PVC x 10 compr. - 2
ani",OTC,N02BE01
PARACETAMOL SANTA,PARACETAMOLUM,COMPR.,,SANTA SA - ROMANIA,"Cutie x 60 blist. Al/PVC x 10 compr. -
2 ani",OTC,N02BE01
"PARACETAMOL SINTOFARM 125
mg",PARACETAMOLUM,SUPOZ.,125mg,SINTOFARM SA - ROMANIA,"Cutie x 2 folii x PE/PVC x 3 supoz. - 2
ani",OTC,N02BE01
"PARACETAMOL SINTOFARM 125
mg",PARACETAMOLUM,SUPOZ.,125mg,SINTOFARM SA - ROMANIA,"Cutie x 2 folii x PE/PVC x 5 supoz. - 2
ani",OTC,N02BE01
"PARACETAMOL SINTOFARM 250
mg",PARACETAMOLUM,SUPOZ.,250mg,SINTOFARM SA - ROMANIA,"Cutie x 2 folii PE/PVC x 3 supoz. - 2
ani",OTC,N02BE01
"PARACETAMOL SINTOFARM 250
mg",PARACETAMOLUM,SUPOZ.,250mg,SINTOFARM SA - ROMANIA,"Cutie x 2 folii PE/PVC x 5 supoz. - 2
ani",OTC,N02BE01
"PARACETAMOL SINTOFARM 500
mg",PARACETAMOLUM,COMPR.,500mg,SINTOFARM SA - ROMANIA,"Cutie x 1 blist. Al/PVC x 10 compr. - 2
ani",OTC,N02BE01
"PARACETAMOL SINTOFARM 500
mg",PARACETAMOLUM,COMPR.,500mg,SINTOFARM SA - ROMANIA,"Cutie x 2 blist. Al/PVC x 10 compr. - 2
ani",OTC,N02BE01
"PARACETAMOL SINTOFARM 500
mg",PARACETAMOLUM,SUPOZ.,,SINTOFARM SA - ROMANIA,"Cutie x 2 folii PE/PVC x 3 supozitoare
- 2 ani",OTC,N02BE01
"PARACETAMOL SINTOFARM 500
mg",PARACETAMOLUM,SUPOZ.,,SINTOFARM SA - ROMANIA,"Cutie x 2 folii PE/PVC x 5 supozitoare
- 2 ani",OTC,N02BE01
"PARACETAMOL SOLACIUM 500
mg",PARACETAMOLUM,COMPR.,,"SOLACIUM PHARMA S.R.L. -
ROMANIA",Cutie cu 2 blist. x 6 compr. - 2 ani,OTC,N02BE01
PARACETAMOL TERAPIA 500 mg,PARACETAMOLUM,COMPR.,,TERAPIA SA - ROMANIA,"Cutie cu 1 blist. PVC/Al x 10 compr. -
2 ani",OTC,N02BE01
PARACETAMOL TERAPIA 500 mg,PARACETAMOLUM,COMPR.,,TERAPIA SA - ROMANIA,"Cutie cu 2 blist. PVC/Al x 10 compr. -
2 ani",OTC,N02BE01
PARACETAMOL TIS 120 mg/5ml,PARACETAMOLUM,SIROP,120mg/5ml,TIS FARMACEUTIC SA - ROMANIA,"Cutie x 1 flacon PET  de culoare bruna x 100ml sirop si o lingurita dozatoare -
2 ani",OTC,N02BE01
PARACETAMOL ZENTIVA,PARACETAMOLUM,COMPR.,500mg,ZENTIVA SA - ROMANIA,"Cutie x 1 blist. Al/PVC x 10 compr. - 2
ani",OTC,N02BE01
PARACETAMOL ZENTIVA,PARACETAMOLUM,COMPR.,500mg,ZENTIVA SA - ROMANIA,"Cutie x 2 blist. Al/PVC x 10 compr. - 2
ani",OTC,N02BE01
PARACOF®,COMBINATII,COMPR.,,SINTOFARM SA - ROMANIA,"Cutie x 2 blist. Al/PVC x 10 compr. - 2
ani",OTC,N02BE51
PARAGRIP C,COMBINATII,COMPR. FILM.,,ARENA GROUP SA - ROMANIA,"Cutie x 1 flac. din PE x 12 compr. film.
- 3 ani",OTC,N02BE51
PARAGRIPPE,HOMEOPATE,COMPR.,,LAB. BOIRON - FRANTA,Cutie x 3 blist. Al/PVC x 20 compr. - 5,OTC,XRNIT
Denumirea comerciala,DCI,Forma,Conc,Firma / Tara detinatoare,Ambalaj,Pres.,ATC
Denumirea comerciala,DCI,Forma,Conc,Firma / Tara detinatoare,ani,,
PARALEN GRIP,COMBINATII,COMPR. FILM.,,ZENTIVA  K.S. - REPUBLICA CEHA,"Cutie cu 1 blist. PVC-PVDC/Al x 12
(1x12) compr. film. - 2 ani",OTC,N02BE51
PARALEN GRIP,COMBINATII,COMPR. FILM.,,ZENTIVA  K.S. - REPUBLICA CEHA,"Cutie cu 2 blist. PVC-PVDC/Al x 24
(2x12) compr. film. - 2 ani",OTC,N02BE51
PARALEN GRIP,COMBINATII,COMPR. FILM.,,ZENTIVA  K.S. - REPUBLICA CEHA,"Cutie cu 1 blist. PVC-Aclar/Al x 12
(1x12) compr. film. - 2 ani",OTC,N02BE51
PARALEN GRIP,COMBINATII,COMPR. FILM.,,ZENTIVA  K.S. - REPUBLICA CEHA,"Cutie cu 2 blist. PVC-Aclar/Al x 24
(2x12) compr. film. - 2 ani",OTC,N02BE51
PARAMOL 500 mg,PARACETAMOLUM,COMPR.,500mg,FARMACOM SA - ROMANIA,"Cutie x 2 blist. PVD/CAl x 10 compr. -
2 ani",OTC,N02BE01
PARASINUS,COMBINATII,COMPR.,,"GLAXOSMITHKLINE CONSUMER
HEALTHCARE S.R.L. - ROMANIA",Cutie x 2 blist. x 10 compr. - 2 ani,OTC,R01BA52
PARASINUS PENTA,COMBINATII,COMPR.,,GLAXOSMITHKLINE EXPORT LTD. - MAREA BRITANIE,"Cutie x 1 blist. PVC/Al x 12 compr. - 2
ani",OTC,N02BE51
PARASINUS PENTA,COMBINATII,COMPR.,,GLAXOSMITHKLINE EXPORT LTD. - MAREA BRITANIE,"Cutie x 2 blist.PVC/Al x 12 compr. - 2
ani",OTC,N02BE51
PARASINUS PENTA,COMBINATII,COMPR.,,GLAXOSMITHKLINE EXPORT LTD. - MAREA BRITANIE,"Cutie carton/PVC tip portofel x 1 blist.
PVC/Al x 12 compr. - 2 ani",OTC,N02BE51
PAXELADINE® 0.2%,OXELADINUM,SIROP,0.20%,IPSEN PHARMA - FRANTA,"Cutie x 1 flacon x 125 ml sirop +
lingurita dozatoare dubla cu cap. de 2.25 ml. respectiv 5 ml - 3 ani",OTC,R05DB09
PEPSANE,COMBINATII,CAPS. MOI,,"LABORATOIRES
ROSA-PHYTOPHARMA - FRANTA","Cutie x 3 blist. din Al/PVC x 10 caps.
moi - 4 ani",OTC,A02AFN1
PEPSANE,COMBINATII,GEL ORAL,,LAB. ROSA-PHYTOPHARMA - FRANTA,"Cutie x 30 plicuri din hartie/PEJD/Al/PEJD x 10 g gel oral -
2 ani",OTC,A02AFN1
PERMIXON,SERENOA REPENS,CAPS.,160mg,"PIERRE FABRE MEDICAMENT -
FRANTA","Cutie x 2 blist. Al/PVC x 15 caps. - 3
ani",OTC,G04CX02
PERSEN,PLANTE (VALERIANA+MELISA+MENTA),DRAJ.,,LEK PHARMACEUTICALS D.D. - SLOVENIA,"Cutie x 2 blist. Al/PVC x 10 draj. - 3
ani",OTC,N05CXN3
PERSEN,PLANTE (VALERIANA+MELISA+MENTA),DRAJ.,,LEK PHARMACEUTICALS D.D. - SLOVENIA,"Cutie x 4 blist. Al/PVC x 10 draj. - 3
ani",OTC,N05CXN3
PERSEN FORTE,"PLANTE
(VALERIAN+MELISA+MENTA)",CAPS.,,"LEK PHARMACEUTICALS D.D. -
SLOVENIA","Cutie x 2 blist. Al/PVC x 10 caps. - 3
ani",OTC,N05CXN3
PHARMATEX,BENZALKONII CHLORIDUM,COMPR. VAG.,20mg,LAB. INNOTECH INT. - FRANTA,"Cutie x 1 flacon din PP x 12 compr.
vag. - 2 ani",OTC,G02BBN2
PHARMATEX® 1.2%,BENZALKONII CHLORIDUM,CREMA VAG.,1.20%,LAB. INNOTECH INT. - FRANTA,"Cutie x 1 tub x 72 g crema vag.+
aplicator - 3 ani",OTC,G02BBN2
PHARMATEX® 18.9 mg,BENZALKONII CHLORIDUM,CAPS. MOI VAG.,18.9mg,LAB. INNOTECH INT. - FRANTA,Cutie x 1 blist. x 6 caps. moi vag. - 2,OTC,G02BBN2
Denumirea comerciala,DCI,Forma,Conc,Firma / Tara detinatoare,Ambalaj,Pres.,ATC
Denumirea comerciala,DCI,Forma,Conc,Firma / Tara detinatoare,ani,,
PHARMATEX® 18.9 mg,BENZALKONII CHLORIDUM,OVULE,,LAB. INNOTECH INT. - FRANTA,"Cutie x 2 folii termosudate x 5 ovule -
3 ani",OTC,G02BBN2
PIADOR 20 mg,PANTOPRAZOLUM,"COMPR.
GASTROREZ.",20mg,ANTIBIOTICE SA - ROMANIA,"Cutie cu 1 blist. Al/Al x 10 compr.
gastrorez. - 2 ani",OTC,A02BC02
PIASCLEDINE 300 (vezi A01ADN1),PLANTE,CAPS.,300mg,LAB. EXPANSCIENCE - FRANTA,"Cutie x 1 blist. Al/PVC x 15 caps. - 3
ani",OTC,A01ADN1
PIASCLEDINE 300 (vezi M09AXN1),PLANTE,CAPS.,,LAB. EXPANSCIENCE - FRANTA,"Cutie x 1 blist. Al/PVC x 15 caps. - 3
ani",OTC,M09AXN1
PICOPREP,COMBINATII,PULB. PT. SOL. ORALA,,FERRING GMBH - GERMANIA,"Cutie cu 2 plicuri separabile din
hartie-PEJD-Al-rasina termofuzibila x 16.1 g pulb. pt. sol. orala - 3 ani",OTC,A06AB58
PICOPREP,COMBINATII,PULB. PT. SOL. ORALA,,FERRING GMBH - GERMANIA,"Cutie cu 100 (50x2) plicuri separabile din hartie-PEJD-Al-rasina termofuzibila x 16.1 g pulb. pt. sol.
orala - 3 ani",OTC,A06AB58
PICOPREP,COMBINATII,PULB. PT. SOL. ORALA,,FERRING GMBH - GERMANIA,"Cutie cu 300 (150x2) plicuri separabile din hartie-PEJD-Al-rasina  termofuzibila x 16.1 g pulb. pt. sol.
orala - 3 ani",OTC,A06AB58
PICOSALAX 10 mg,NATRII PICOSULFAS,COMPR.,10mg,\FERRING  GMBH - GERMANIA,"Cutie cu blist. PVC/PE/PVDC-Al x 2
compr. - 30 luni",OTC,A06AB08
PICOSALAX 10 mg,NATRII PICOSULFAS,COMPR.,10mg,\FERRING  GMBH - GERMANIA,"Cutie cu blist. PVC/PE/PVDC-Al x 10
compr. - 30 luni",OTC,A06AB08
PICOSALAX 5 mg,NATRII PICOSULFAS,COMPR.,5mg,\FERRING  GMBH - GERMANIA,"Cutie cu blist. PVC/PE/PVDC-Al x 2
compr. - 30 luni",OTC,A06AB08
PICOSALAX 5 mg,NATRII PICOSULFAS,COMPR.,5mg,\FERRING  GMBH - GERMANIA,"Cutie cu blist. PVC/PE/PVDC-Al x 10
compr. - 30 luni",OTC,A06AB08
PINOSOL,COMBINATII,PIC. NAZALE. SOL.,,ZENTIVA AS - SLOVACIA,"Cutie x 1 flacon  din sticla bruna x 10 ml pic. nazale. sol.. prevazut cu
aplicator tip pipeta - 3 ani",OTC,R01AX10
PIROXICAM ATB 30mg/g,PIROXICAMUM,CREMA,30mg/g,ANTIBIOTICE SA - ROMANIA,"Cutie cu 1 tub din Al x 35 g crema - 2
ani",OTC,M02AA07
PIROXICAM ATB 5 mg/g,PIROXICAMUM,GEL,5mg/g,ANTIBIOTICE SA - ROMANIA,Cutie cu 1 tub din Al x 40 g gel - 3 ani,OTC,M02AA07
"PIROXICAM FITERMAN 10 mg/g
gel",PIROXICAMUM,GEL,10mg/g,FITERMAN PHARMA S.R.L. - ROMANIA,Cutie cu 1 tub din Al x 25 g gel - 2 ani,OTC,M02AA07
"PIROXICAM FITERMAN 10 mg/g
gel",PIROXICAMUM,GEL,10mg/g,FITERMAN PHARMA S.R.L. - ROMANIA,Cutie cu 1 tub din Al x 45 g gel - 2 ani,OTC,M02AA07
"PIROXICAM FITERMAN 30mg/g
CREMA",PIROXICAMUM,CREMA,30mg/g,"FITERMAN PHARMA S.R.L. -
ROMANIA",Cutie x 1 tub x 35 g - 3 ani,OTC,M02AA07
PIROXICAM OZONE 5 mg/g,PIROXICAMUM,GEL,5mg/g,SLAVIA PHARM S.R.L. - ROMANIA,Cutie cu 1 tub din Al x 40 g gel - 2 ani,OTC,M02AA07
Denumirea comerciala,DCI,Forma,Conc,Firma / Tara detinatoare,Ambalaj,Pres.,ATC
PIROXSAL GEL 0.5g%,PIROXICAMUM,GEL,0.5g%,SLAVIA PHARM SRL - ROMANIA,Cutie x 1 tub din Al x 40 g gel - 3 ani,OTC,M02AA07
PLANTABEN,PLANTE,PULB. EFF.,3500mg,MADAUS GMBH - AUSTRIA,Cutie x 30 plicuri x 5 g pulb. eff. - 3 ani,OTC,A06AC51
PLANTAGINOL SIROP,COMBINATII,SIROP,,TIS FARMACEUTIC SA - ROMANIA,Cutie x 1 flacon x 120g - 2 ani,OTC,R05CA10
PLANTAGOTIS,PLANTE,GEL,20%,TIS FARMACEUTIC SA - ROMANIA,"Cutie x 1 tub (PE. copolimer. Al) x 20
g - 2 ani",OTC,D03AXN4
POSTINOR-2,LEVONORGESTRELUM,COMPR.,0.75mg,"GEDEON RICHTER  PLC -
UNGARIA","Cutie x 1 blist. Al/PVC x 2 compr. - 5
ani",OTC,G03AC03
PREFEMIN,PLANTE,COMPR. FILM.,,EWOPHARMA INTERNATIONAL SRO - ELVETIA,"Cutie x 1 blist. PVC-PE-PVDC/Al x 30
compr. film. - 3 ani",OTC,G02CXN1
PREFEMIN,PLANTE,COMPR. FILM.,,EWOPHARMA INTERNATIONAL SRO - ELVETIA,"Cutie x 3 blist. PVC-PE-PVDC/Al x 30
compr. film. - 3 ani",OTC,G02CXN1
PREVAS 75 mg,ACIDUM ACETYLSALICYLICUM,"COMPR.
GASTROREZ.",75mg,"PHARMASWISS MEDICINES
S.R.L. - ROMANIA","Cutie cu 2 blist. PVC/Al x 20 compr.
gastrorez. - 2 ani",OTC,B01AC06
PROBEVEN 750 mg,GLUCOSAMINUM,COMPR. FILM.,750mg,PROENZI s.r.o. - REPUBLICA CEHA,"Cutie cu 1 flac. PEID x 8 compr. - 3 ani-dupa ambalarea pt. comercializare; dupa prima
deschidere a flac.-6 luni",OTC,M01AX05
PROBEVEN 750 mg,GLUCOSAMINUM,COMPR. FILM.,750mg,PROENZI s.r.o. - REPUBLICA CEHA,"Cutie cu 1 flac. PEID x 10 compr. - 3 ani-dupa ambalarea pt. comercializare; dupa prima
deschidere a flac.-6 luni",OTC,M01AX05
PROBEVEN 750 mg,GLUCOSAMINUM,COMPR. FILM.,750mg,PROENZI s.r.o. - REPUBLICA CEHA,"Cutie cu 1 flac. PEID x 12 compr. - 3 ani-dupa ambalarea pt. comercializare; dupa prima
deschidere a flac.-6 luni",OTC,M01AX05
PROBEVEN 750 mg,GLUCOSAMINUM,COMPR. FILM.,750mg,PROENZI s.r.o. - REPUBLICA CEHA,"Cutie cu 1 flac. PEID x 14 compr. - 3 ani-dupa ambalarea pt. comercializare; dupa prima
deschidere a flac.-6 luni",OTC,M01AX05
PROBEVEN 750 mg,GLUCOSAMINUM,COMPR. FILM.,750mg,PROENZI s.r.o. - REPUBLICA CEHA,"Cutie cu 1 flac. PEID x 20 compr. - 3 ani-dupa ambalarea pt. comercializare; dupa prima
deschidere a flac.-6 luni",OTC,M01AX05
PROBEVEN 750 mg,GLUCOSAMINUM,COMPR. FILM.,750mg,PROENZI s.r.o. - REPUBLICA CEHA,"Cutie cu 1 flac. PEID x 28 compr. - 3 ani-dupa ambalarea pt. comercializare; dupa prima
deschidere a flac.-6 luni",OTC,M01AX05
PROBEVEN 750 mg,GLUCOSAMINUM,COMPR. FILM.,750mg,PROENZI s.r.o. - REPUBLICA CEHA,"Cutie cu 1 flac. PEID x 30 compr. - 3 ani-dupa ambalarea pt.
comercializare; dupa prima",OTC,M01AX05
Denumirea comerciala,DCI,Forma,Conc,Firma / Tara detinatoare,Ambalaj,Pres.,ATC
Denumirea comerciala,DCI,Forma,Conc,Firma / Tara detinatoare,deschidere a flac.-6 luni,,
Denumirea comerciala,DCI,Forma,Conc,Firma / Tara detinatoare,"Cutie cu 1 flac. PEID x 56 compr. - 3 ani-dupa ambalarea pt. comercializare; dupa prima
deschidere a flac.-6 luni",OTC,M01AX05
Denumirea comerciala,DCI,Forma,Conc,Firma / Tara detinatoare,"Cutie cu 1 flac. PEID x 60 compr. - 3 ani-dupa ambalarea pt. comercializare; dupa prima
deschidere a flac.-6 luni",OTC,M01AX05
Denumirea comerciala,DCI,Forma,Conc,Firma / Tara detinatoare,"Cutie cu 1 flac. PEID x 112 compr. - 3 ani-dupa ambalarea pt. comercializare; dupa prima
deschidere a flac.-6 luni",OTC,M01AX05
Denumirea comerciala,DCI,Forma,Conc,Firma / Tara detinatoare,"Cutie cu 1 flac. PEID x 120 compr. - 3 ani-dupa ambalarea pt. comercializare; dupa prima
deschidere a flac.-6 luni",OTC,M01AX05
Denumirea comerciala,DCI,Forma,Conc,Firma / Tara detinatoare,"Cutie cu 1 flac. PEID x 168 compr. - 3 ani-dupa ambalarea pt. comercializare; dupa prima
deschidere a flac.-6 luni",OTC,M01AX05
Denumirea comerciala,DCI,Forma,Conc,Firma / Tara detinatoare,"Cutie cu 1 flac. PEID x 180 compr. - 3 ani-dupa ambalarea pt. comercializare; dupa prima
deschidere a flac.-6 luni",OTC,M01AX05
Denumirea comerciala,DCI,Forma,Conc,Firma / Tara detinatoare,"Cutie cu 1 flac. PEID x 336 compr. - 3 ani-dupa ambalarea pt. comercializare; dupa prima
deschidere a flac.-6 luni",OTC,M01AX05
Denumirea comerciala,DCI,Forma,Conc,Firma / Tara detinatoare,"Cutie cu 1 flac. PEID x 360 compr. - 3 ani-dupa ambalarea pt. comercializare; dupa prima
deschidere a flac.-6 luni",OTC,M01AX05
Denumirea comerciala,DCI,Forma,Conc,Firma / Tara detinatoare,"Cutie cu blist. PVC-PVDC/Al x 8
compr. - 3 ani-dupa ambalarea pt. comercializare",OTC,M01AX05
Denumirea comerciala,DCI,Forma,Conc,Firma / Tara detinatoare,"Cutie cu blist. PVC-PVDC/Al x 10 compr. - 3 ani-dupa ambalarea pt.
comercializare",OTC,M01AX05
Denumirea comerciala,DCI,Forma,Conc,Firma / Tara detinatoare,Ambalaj,Pres.,ATC
Denumirea comerciala,DCI,Forma,Conc,Firma / Tara detinatoare,"Cutie cu blist. PVC-PVDC/Al x 12 compr. - 3 ani-dupa ambalarea pt.
comercializare",OTC,M01AX05
Denumirea comerciala,DCI,Forma,Conc,Firma / Tara detinatoare,"Cutie cu blist. PVC-PVDC/Al x 14 compr. - 3 ani-dupa ambalarea pt.
comercializare",OTC,M01AX05
Denumirea comerciala,DCI,Forma,Conc,Firma / Tara detinatoare,"Cutie cu blist. PVC-PVDC/Al x 20 compr. - 3 ani-dupa ambalarea pt.
comercializare",OTC,M01AX05
Denumirea comerciala,DCI,Forma,Conc,Firma / Tara detinatoare,"Cutie cu blist. PVC-PVDC/Al x 28 compr. - 3 ani-dupa ambalarea pt.
comercializare",OTC,M01AX05
Denumirea comerciala,DCI,Forma,Conc,Firma / Tara detinatoare,"Cutie cu blist. PVC-PVDC/Al x 30 compr. - 3 ani-dupa ambalarea pt.
comercializare",OTC,M01AX05
Denumirea comerciala,DCI,Forma,Conc,Firma / Tara detinatoare,"Cutie cu blist. PVC-PVDC/Al x 56
compr. - 3 ani-dupa ambalarea pt. comercializare",OTC,M01AX05
Denumirea comerciala,DCI,Forma,Conc,Firma / Tara detinatoare,"Cutie cu blist. PVC-PVDC/Al x 60
compr. - 3 ani-dupa ambalarea pt. comercializare",OTC,M01AX05
Denumirea comerciala,DCI,Forma,Conc,Firma / Tara detinatoare,"Cutie cu blist. PVC-PVDC/Al x 112
compr. - 3 ani-dupa ambalarea pt. comercializare",OTC,M01AX05
Denumirea comerciala,DCI,Forma,Conc,Firma / Tara detinatoare,"Cutie cu blist. PVC-PVDC/Al x 120 compr. - 3 ani-dupa ambalarea pt.
comercializare",OTC,M01AX05
Denumirea comerciala,DCI,Forma,Conc,Firma / Tara detinatoare,"Cutie cu blist. PVC-PVDC/Al x 168 compr. - 3 ani-dupa ambalarea pt.
comercializare",OTC,M01AX05
Denumirea comerciala,DCI,Forma,Conc,Firma / Tara detinatoare,"Cutie cu blist. PVC-PVDC/Al x 180 compr. - 3 ani-dupa ambalarea pt.
comercializare",OTC,M01AX05
Denumirea comerciala,DCI,Forma,Conc,Firma / Tara detinatoare,"Cutie cu blist. PVC-PVDC/Al x 336 compr. - 3 ani-dupa ambalarea pt.
comercializare",OTC,M01AX05
Denumirea comerciala,DCI,Forma,Conc,Firma / Tara detinatoare,"Cutie cu blist. PVC-PVDC/Al x 360 compr. - 3 ani-dupa ambalarea pt.
comercializare",OTC,M01AX05
PROCTO - GLYVENOL,COMBINATII,CREMA RECTALA,,RECORDATI ROMANIA S.R.L. -,Cutie x 1 tub Al x 30 g crema rectala +,OTC,C05AD01
Denumirea comerciala,DCI,Forma,Conc,Firma / Tara detinatoare,Ambalaj,Pres.,ATC
Denumirea comerciala,DCI,Forma,Conc,Firma / Tara detinatoare,aplicator PE - 5 ani,,
PROCTO - GLYVENOL,COMBINATII,SUPOZ.,,"RECORDATI ROMANIA S.R.L. -
ROMANIA","Cutie x 2 folii PE-PP/Al x 5 supoz. - 5
ani",OTC,C05AD01
PROCTOLOG 120mg/10mg,COMBINATII,SUPOZ.,120mg/10mg,"PFIZER EUROPE - MAREA
BRITANIE","Cutie x 2 folii din PVC/PE x 5 supoz. -
3 ani",OTC,C05AX03
PROCTOLOG 58mg/5mg pe gram,COMBINATII,CREMA RECTALA,"58mg/5mg pe
gram","PFIZER EUROPE MA EEIG -
MAREA BRITANIE","Cutie cu  tub din Al x 20 g crema
rectala + 1 canula rectala - 18 luni",OTC,C05AX03
PROCULIN,NAPHAZOLINUM,"PICATURI
OFT.-SOL.",0.03%,"CHAUVIN ANKERPHARM GMBH -
GERMANIA","Cutie x 1 flacon picurator. monobloc
PEID  x 10 ml pic. oft. sol. - 3 ani",OTC,S01GA01
PROMATERN,COMBINATII,COMPR. FILM.,,BIO EEL S.R.L. - ROMANIA,"Cutie cu 1 flac. PEID cu capac din PP
prevazut cu sigiliu cu folie din Al/PE x 30 compr. film. - 2 ani",OTC,A11AA03
PROMATERN,COMBINATII,COMPR. FILM.,,BIO EEL S.R.L. - ROMANIA,"Cutie cu 1 flac. PEID cu capac din PP
prevazut cu sigiliu cu folie din Al/PE x 60 compr. film. - 2 ani",OTC,A11AA03
PROMATERN,COMBINATII,COMPR. FILM.,,BIO EEL S.R.L. - ROMANIA,"Cutie cu 1 flac. PEID cu capac din PP
prevazut cu sigiliu cu folie din Al/PE x 90 compr. film. - 2 ani",OTC,A11AA03
PROPIFENAZONA 300 mg,PROPYPHENAZONUM,COMPR.,300mg,ARENA GROUP SA - ROMANIA,"Cutie x 1 blist. Al/PVC x 10 compr. - 2
ani",OTC,N02BB04
PROPIFENAZONA 300 mg,PROPYPHENAZONUM,COMPR.,300mg,ARENA GROUP SA - ROMANIA,Flac. PEID x 1000 compr. - 2 ani,OTC/S,N02BB04
PROSPAN COMPRIMATE EFERVESCENTE,PLANTE,COMPR. EFF.,65mg,ENGELHARD ARZNEIMITTEL GMBH & CO. KG. - GERMANIA,"Cutie cu  5 folii Al a cate x 2 compr.
eff. - 3 ani",OTC,R05CAN1
PROSPAN COMPRIMATE EFERVESCENTE,PLANTE,COMPR. EFF.,65mg,ENGELHARD ARZNEIMITTEL GMBH & CO. KG. - GERMANIA,"Cutie cu  10 folii Al a cate x 2 compr.
eff. - 3 ani",OTC,R05CAN1
"PROSPAN PICATURI ORALE
SOLUTIE",PLANTE,PIC. ORALE-SOL.,20mg/ml,"ENGELHARD ARZNEIMITTEL
GMBH & CO. KG. - GERMANIA","Cutie x 1 flacon din sticla  x 20 ml pic.
orale..sol. + picurator - 4 ani",OTC,R05FB01
PROSPAN SIROP,PLANTE,SIROP,7mg/ml,"ENGELHARD ARZNEIMITTEL
GMBH & CO KG - GERMANIA","Cutie x 1 flacon din sticla  x 100 ml
sirop + msura dozatoare - 3 ani",OTC,R05FB01
PROSTA URGENIN UNO,SERENOA REPENS,CAPS. MOI,320mg,MADAUS GMBH - GERMANIA,"Cutie x 6 blist. Al/PVC x 10 caps. moi -
4 ani",OTC,G04CX02
PROSTA URGENIN UNO,SERENOA REPENS,CAPS. MOI,320mg,MADAUS GMBH - GERMANIA,"Cutie x 12 blist. Al/PVC x 10 caps. moi
- 4 ani",OTC,G04CX02
PROSTA URGENIN UNO,SERENOA REPENS,CAPS. MOI,320mg,MADAUS GMBH - GERMANIA,"Cutie x 20 blist. Al/PVC x 10 caps. moi
- 4 ani",OTC,G04CX02
PROSTA URGENIN UNO,SERENOA REPENS,CAPS. MOI,320mg,MADAUS GMBH - GERMANIA,"Cutie x 3 blist. Al/PVC x 10 caps. moi -
4 ani",OTC,G04CX02
PROSTAMOL UNO,SERENOA REPENS,CAPS. MOI,,BERLIN - CHEMIE AG - GERMANIA,"Cutie x 1 blist. PVC/PVDC/Al x 15
caps. - 3 ani",OTC,G04CX02
PROSTAMOL UNO,SERENOA REPENS,CAPS. MOI,,BERLIN - CHEMIE AG - GERMANIA,Cutie x 2 blist. PVC/PVDC/Al x 15,OTC,G04CX02
Denumirea comerciala,DCI,Forma,Conc,Firma / Tara detinatoare,Ambalaj,Pres.,ATC
Denumirea comerciala,DCI,Forma,Conc,Firma / Tara detinatoare,caps. - 3 ani,,
Denumirea comerciala,DCI,Forma,Conc,Firma / Tara detinatoare,"Cutie x 4 blist. PVC/PVDC/Al x 15
caps. - 3 ani",OTC,G04CX02
PROTECARDIN 100 mg,ACIDUM ACETYLSALICYLICUM,COMPR.,100mg,BIOFARM S.A. - ROMANIA,"Cutie cu 2 blist. Al/PVC x 20 compr. -
18 luni",OTC,B01AC06
PROTECARDIN 75 mg,ACIDUM ACETYLSALICYLICUM,COMPR. GASTROREZISTE NTE,75mg,BIOFARM S.A. - ROMANIA,Cutie cu 2 blist. PVC/Al x 20 compr. gastrorezistente - 2 ani,OTC,B01AC06
PROTECARDIN 75 mg,ACIDUM ACETYLSALICYLICUM,COMPR. GASTROREZISTE NTE,75mg,BIOFARM S.A. - ROMANIA,"Cutie cu 2 blist. PVC-PVDC/Al x 20
compr. gastrorezistente - 2 ani",OTC,B01AC06
PUMPAN,HOMEOPATE,PIC. ORALE. SOL.,,RICHARD BITTNER AG - AUSTRIA,"Cutie cu un flac. din sticla bruna x 20 ml pic. orale. sol. - 5 ani dupa ambalarea pt. comercializare; 6 luni
dupa prima deschidere",OTC,C01EP51
PUMPAN,HOMEOPATE,PIC. ORALE. SOL.,,RICHARD BITTNER AG - AUSTRIA,"Cutie cu un flac. din sticla bruna x 50 ml pic. orale. sol. - 5 ani dupa ambalarea pt. comercializare; 6 luni
dupa prima deschidere",OTC,C01EP51
RAMONNA 1500 micrograme,LEVONORGESTRELUM,COMPR.,"1500microgram
e","GEDEON RICHTER ROMÂNIA S.A.
- ROMANIA","Cutie cu 1 blist. PVC/Al x 1 compr. - 5
ani",OTC,G03AD01
RANITIDIN HELCOR 75 mg,RANITIDINUM,COMPR. FILM.,75mg,AC HELCOR PHARMA SRL - ROMANIA,"Cutie x 1 blist. Al/PVC x 10 compr. film
- 3 ani",OTC,A02BA02
RANITIDIN HELCOR 75 mg,RANITIDINUM,COMPR. FILM.,75mg,AC HELCOR PHARMA SRL - ROMANIA,"Cutie x 100 blist. Al/PVC x 10 compr.
film - 3 ani",OTC/S,A02BA02
RANITIDINA ARENA 75 mg,RANITIDINUM,CAPS.,,ARENA GROUP S.A. - ROMANIA,"Cutie x 2 blist. Al/PVC x 10 caps. - 3
ani",OTC,A02BA02
RANITIDINA LAROPHARM 75 mg,RANITIDINUM,COMPR. FILM.,,LAROPHARM SRL - ROMANIA,"Cutie x 2 blist. PVC/Al x 10 compr.
film. - 2 ani",OTC,A02BA02
RANITIDINA LPH 75 mg,RANITIDINUM,COMPR. FILM.,,LABORMED PHARMA SA - ROMANIA,"Cutie x 1 blist. PVC-PVDC/Al x 10
compr. film. - 4 ani",OTC,A02BA02
RANITIDINA LPH 75 mg,RANITIDINUM,COMPR. FILM.,,LABORMED PHARMA SA - ROMANIA,"Cutie x 100 blist. PVC-PVDC/Al x 10
compr. film. - 4 ani",OTC/S,A02BA02
REACTIN 10 mg,CETIRIZINUM,CAPS. MOI,10mg,"MCNEIL PRODUCTS LIMITED -
MAREA BRITANIE","Cutie cu blist. PVC-PE-PVDC/Al x 7
caps. moi - 3 ani",OTC,R06AE07
REDACIB 20 mg,PANTOPRAZOLUM,COMPR. GASTROREZ.,20mg,SANDOZ S.R.L. - ROMANIA,"Cutie cu blist. OPA-Al-PVC/Al x 7 compr. gastrorez. - 3 ani - dupa ambalarea pt. comercializare; 6 luni -
dupa prima deschidere",OTC,A02BC02
REDACIB 20 mg,PANTOPRAZOLUM,COMPR. GASTROREZ.,20mg,SANDOZ S.R.L. - ROMANIA,Cutie cu blist. OPA-Al-PVC/Al x 14,OTC,A02BC02
Denumirea comerciala,DCI,Forma,Conc,Firma / Tara detinatoare,Ambalaj,Pres.,ATC
Denumirea comerciala,DCI,Forma,Conc,Firma / Tara detinatoare,"compr. gastrorez. - 3 ani - dupa ambalarea pt. comercializare; 6 luni -
dupa prima deschidere",,
Denumirea comerciala,DCI,Forma,Conc,Firma / Tara detinatoare,"Cutie cu 1 flac. PEID x 7 compr. gastrorez. - 3 ani - dupa ambalarea pt. comercializare; 6 luni - dupa prima
deschidere",OTC,A02BC02
Denumirea comerciala,DCI,Forma,Conc,Firma / Tara detinatoare,"Cutie cu 1 flac. PEID x 14 compr. gastrorez. - 3 ani - dupa ambalarea pt. comercializare; 6 luni - dupa prima
deschidere",OTC,A02BC02
REDORMIN,PLANTE. COMBINATII,COMPR. FILM.,250mg/60mg,EWOPHARMA INTERNATIONAL SRO - SLOVACIA,"Cutie x 1 blist. Al/PVC-PE-VDC x 20
compr. film. - 3 ani",OTC,N05CXN1
REDORMIN,PLANTE. COMBINATII,COMPR. FILM.,250mg/60mg,EWOPHARMA INTERNATIONAL SRO - SLOVACIA,"Cutie x 3 blist. Al/PVC-PE-PVDC x 20
compr. film. - 3 ani",OTC,N05CXN1
REGAINE 50 mg/g,MINOXIDILUM,SPUMA CUT.,50mg/g,MCNEIL PRODUCTS LIMITED C/O JOHNSON&JOHNSON - MAREA BRITANIE,"Cutie cu 1 flac. presurizat din Al. cu capac din PP prevazut cu sistem de inchidere securizat pt. copii x 60 g
spuma cutanata - 2 ani",OTC,D11AX01
REGAINE 50 mg/g,MINOXIDILUM,SPUMA CUT.,50mg/g,MCNEIL PRODUCTS LIMITED C/O JOHNSON&JOHNSON - MAREA BRITANIE,"Cutie cu 3 flac. presurizate din Al. cu capac din PP prevazut cu sistem de inchidere securizat pt. copii x 60 g
spuma cutanata - 2 ani",OTC,D11AX01
REGEN-AG 10 mg/g,SULFADIAZINUM,CREMA,10mg/g,FITERMAN PHARMA S.R.L. - ROMANIA,"Cutie cu 1 tub din Al x 50 g crema - 3 ani-dupa ambalarea pt. comercializare; dupa prima
deschidere  a tubului-14 zile",OTC,D06BA01
REMOTIV 250,PLANTE,COMPR. FILM.,250mg,EWOPHARMA INTERNATIONAL SRO - SLOVACIA,"Cutie x 2 blist. din folie
Al/PVC-PE-PVDC x 15 compr. film. - 2 ani",OTC,N06AXN1
REMOTIV 250,PLANTE,COMPR. FILM.,250mg,EWOPHARMA INTERNATIONAL SRO - SLOVACIA,"Cutie x 3 blist. din folie
Al/PVC-PE-PVDC x 20 compr. film. - 2 ani",OTC,N06AXN1
REMOTIV 250,PLANTE,COMPR. FILM.,250mg,EWOPHARMA INTERNATIONAL SRO - SLOVACIA,"Cutie x 6 blist. din folie
Al/PVC-PE-PVDC x 20 compr. film. - 2 ani",OTC,N06AXN1
RENNIE® PEPPERMINT,COMBINATII,COMPR. MAST.,,BAYER S.R.L. - ROMANIA,"Cutie x 4 blist. Al/PVC x 6 compr.
mast. - 5 ani",OTC,A02AD01
RENNIE® SPEARMINT,COMBINATII,COMPR. MAST.,,BAYER S.R.L. - ROMANIA,"Cutie x 4 blist. Al/PVC x 6 compr.
mast. - 5 ani",OTC,A02AD01
Denumirea comerciala,DCI,Forma,Conc,Firma / Tara detinatoare,Ambalaj,Pres.,ATC
REPARIL,PLANTE,DRAJ. GASTROREZ.,20mg,MADAUS GMBH - GERMANIA,"Cutie x 2 blist. PVC/Al x 10 draj.
gastrorez. - 5 ani",OTC,C05CXN2
REPARIL,PLANTE,DRAJ. GASTROREZ.,20mg,MADAUS GMBH - GERMANIA,"Cutie x 5 blist. PVC/Al x 10 draj.
gastrorez. - 5 ani",OTC,C05CXN2
REPARIL,PLANTE,DRAJ. GASTROREZ.,20mg,MADAUS GMBH - GERMANIA,"Cutie x 10 blist. PVC/Al x 10 draj.
gastrorez. - 5 ani",OTC,C05CXN2
REPARIL,PLANTE,DRAJ. GASTROREZ.,20mg,MADAUS GMBH - GERMANIA,"Cutie cu 4 blist. Al/PVC x 10 draj.
gastrorez. - 5 ani",OTC,C05CXN2
REPARIL GEL N,COMBINATII,GEL,,MADAUS GMBH - GERMANIA,Cutie x 1 tub x 40 g gel - 5 ani,OTC,C05CXN1
REPARIL GEL N,COMBINATII,GEL,,MADAUS GMBH - GERMANIA,Cutie x 1 tub x 100 g gel - 5 ani,OTC,C05CXN1
REUPROFEN 200 mg,IBUPROFENUM,COMPR. FILM.,200mg,AC HELCOR S.R.L. - ROMANIA,"Cutie cu 1 blist. PVC/Al x 10 compr.
film. - 4 ani",OTC,M01AE01
REUPROFEN 200 mg,IBUPROFENUM,COMPR. FILM.,200mg,AC HELCOR S.R.L. - ROMANIA,"Cutie cu 3 blist. PVC/Al x 10 compr.
film. - 4 ani",OTC,M01AE01
REUPROFEN 400 mg,IBUPROFENUM,COMPR. FILM.,400mg,AC HELCOR S.R.L. - ROMANIA,"Cutie cu 1 blist. PVC/Al x 10 compr.
film. - 4 ani",OTC,M01AE01
REUXEN 200 mg,NAPROXENUM,COMPR.,200mg,HELCOR S.R.L. - ROMANIA,"Cutie cu 1 blist. Al/PVC x 10 compr. -
5 ani",OTC,M01AE02
REUXEN 200 mg,NAPROXENUM,COMPR.,200mg,HELCOR S.R.L. - ROMANIA,"Cutie cu 2 blist. Al/PVC x 10 compr. -
5 ani",OTC,M01AE02
REVALID,COMBINATII,CAPS.,,EWOPHARMA AG - ELVETIA,"Cutie x 3 blist. PVC-PE-PVDC/Al x 10
caps. - 3 ani",OTC,D11AXN3
REVALID,COMBINATII,CAPS.,,EWOPHARMA AG - ELVETIA,"Cutie x 6 blist. PVC-PE-PVDC/Al x 10
caps. - 3 ani",OTC,D11AXN3
REVALID,COMBINATII,CAPS.,,EWOPHARMA AG - ELVETIA,"Cutie x 9 blist. PVC-PE-PVDC/Al x 10
caps. - 3 ani",OTC,D11AXN3
REVALID,COMBINATII,CAPS.,,EWOPHARMA AG - ELVETIA,"Cutie x 12 blist. PVC-PE-PVDC/Al x
10 caps. - 3 ani",OTC/S,D11AXN3
RHEUMAVEK GEL 1%,DICLOFENACUM,GEL,1%,"FARAN LABORATORIES S.A. -
GRECIA",Cutie x 1 tub Al x 100 g - 3 ani,OTC,M02AA15
RHEUMON,ETOFENAMATUM,CREMA,100mg/g,MEDA MANUFACTURING GMBH - GERMANIA,"Cutie x 1 tub din Al x 20 g crema - 5
ani",OTC,M02AA06
RHEUMON,ETOFENAMATUM,CREMA,100mg/g,MEDA MANUFACTURING GMBH - GERMANIA,"Cutie x 1 tub din Al x 40 g crema - 5
ani",OTC,M02AA06
RHEUMON,ETOFENAMATUM,CREMA,100mg/g,MEDA MANUFACTURING GMBH - GERMANIA,"Cutie x 1 tub din Al x 50 g crema - 5
ani",OTC,M02AA06
RHEUMON,ETOFENAMATUM,CREMA,100mg/g,MEDA MANUFACTURING GMBH - GERMANIA,"Cutie x 1 tub din Al x 100 g crema - 5
ani",OTC,M02AA06
RHINOIL,COMBINATII,"PICATURI
NAZALE-SOL.",,TIS FARMACEUTIC SA - ROMANIA,"Cutie x 1 flacon din sticla bruna.
prevazut cu picurator x 10 ml - 2 ani",OTC,R01AX30
Denumirea comerciala,DCI,Forma,Conc,Firma / Tara detinatoare,Ambalaj,Pres.,ATC
RHINXYL® 0.05%,XYLOMETAZOLINUM,PICATURI NAZALE-SOL.,0.05%,TERAPIA SA - ROMANIA,"Cutie x 1 flacon picurator din PEJD x 10 ml - 2 ani; dupa prima deschidere a
flac. - 28 zile",OTC,R01AA07
RHINXYL® 0.1%,XYLOMETAZOLINUM,PICATURI NAZALE-SOL.,0.10%,TERAPIA SA - ROMANIA,"Cutie x 1 flacon picurator din PEJD x 10 ml - 2 ani ; dupa prima deschidere
a flac. - 28 zile",OTC,R01AA07
RINOFUG,NAPHAZOLINUM,SOL. NAZALA,,MEDUMAN VISEU SA - ROMANIA,Cutie x 1 flacon x 10 ml - 3 ani,OTC,R01AA08
RINONEF - T,COMBINATII,"PICATURI
NAZALE-SOL.",,TIS FARMACEUTIC SA - ROMANIA,"Cutie x 1 flacon picurator PE x 10 ml -
2 ani",OTC,R01AB05
RINOXIN 0.25mg/ml,OXYMETAZOLINUM,"PIC.
NAZALE-SOL.",0.25 mg/ml,TIS FARMACEUTIC SA - ROMANIA,"Cutie x 1 flacon din PE x 10 ml
pic.nazale-sol. + picurator - 2 ani",OTC,R01AA05
RINOXIN 0.5mg/ml,OXYMETAZOLINUM,"PIC.
NAZALE-SOL.",0.5mg/ml,TIS FARMACEUTIC SA - ROMANIA,"Cutie x 1 flacon din PE x 10 ml  pic.
nazale. sol.+ picurator - 2 ani",OTC,R01AA05
RIVAL 20 mg/g,DIFENHIDRAMINUM,GEL,20mg/g,"FITERMAN PHARMA S.R.L. -
ROMANIA",Cutie cu 1 tub din Al x 20 g gel - 2 ani,OTC,D04AA32
ROBITUSSIN EXPECTORANS,GUAIFENESINUM,SOL. ORALA,100mg/5ml,PFIZER CORPORATION AUSTRIA GMBH - AUSTRIA,"Cutie x 1 fl.  din sticla bruna cu capac securizat x 100 ml sol. orala + masura dozatoare pt.2.5ml;5ml;7.5ml;10ml - 4
ani",OTC,R05CA03
ROLETRA 10mg,LORATADINUM,COMPR.,10mg,TERAPIA SA - ROMANIA,"Cutie x 1 blist. PVC-PVDC/Al x 10
compr. - 3 ani",OTC,R06AX13
ROMAZULAN (vezi A03AXN1),PLANTE,SOLUTIE ORALA/CUTANAT A,,BIOFARM SA - ROMANIA,Cutie x 1 flacon de culoare bruna PVC x 50 ml sol. orala/cutanata - 2 ani,OTC,D08AXN1
ROMAZULAN (vezi A03AXN1),PLANTE,SOLUTIE ORALA/CUTANAT A,,BIOFARM SA - ROMANIA,"Cutie x 1 flacon de culoare bruna PVC
x 100 ml sol. orala/cutanata - 2 ani",OTC,D08AXN1
ROMAZULAN (vezi D08AXN1),PLANTE,SOLUTIE ORALA/CUTANAT A,,BIOFARM SA - ROMANIA,Cutie x 1 flacon de culoare bruna PVC x 50 ml sol. orala/cutanata - 2 ani,OTC,A03AXN1
ROMAZULAN (vezi D08AXN1),PLANTE,SOLUTIE ORALA/CUTANAT A,,BIOFARM SA - ROMANIA,"Cutie x 1 flacon de culoare bruna PVC
x 100 ml sol. orala/cutanata - 2 ani",OTC,A03AXN1
ROMPIRIN E 100 mg,ACIDUM ACETYLSALICYLICUM,COMPR. GASTROREZ.,100mg,ANTIBIOTICE SA - ROMANIA,"Cutie cu 2 blist. PVC/Al x 10 compr.
gastrorez. - 3 ani",OTC,B01AC06
ROMPIRIN E 100 mg,ACIDUM ACETYLSALICYLICUM,COMPR. GASTROREZ.,100mg,ANTIBIOTICE SA - ROMANIA,"Cutie cu 3 blist. PVC/Al x 10 compr.
gastrorez. - 3 ani",OTC,B01AC06
ROMPIRIN E 100 mg,ACIDUM ACETYLSALICYLICUM,COMPR. GASTROREZ.,100mg,ANTIBIOTICE SA - ROMANIA,"Cutie cu 150 blist. PVC/Al x 10 compr.
gastrorez. - 3 ani",OTC,B01AC06
ROWACHOL,COMBINATII,CAPS.,,"ROWA WAGNER GMBH&CO KG -
GERMANIA",Cutie x 1 flac. x 30 caps. - 5 ani,OTC,A05AXN2
ROWACHOL,COMBINATII,PIC. ORALE-SOL.,,ROWA WAGNER GMBH&CO KG -,Cutie x 1 flacon x 10 ml pic. orale. sol.,OTC,A05AXN2
Denumirea comerciala,DCI,Forma,Conc,Firma / Tara detinatoare,Ambalaj,Pres.,ATC
Denumirea comerciala,DCI,Forma,Conc,Firma / Tara detinatoare,+ picurator - 5 ani,,
ROWATINEX CAPSULE,COMBINATII,"CAPS. MOI
GASTROREZ.",,"ROWA WAGNER GMBH&CO KG -
GERMANIA",Cutie x 1 flac. x 30 caps. - 5 ani,OTC,G04BDN1
ROWATINEX SOLUTIE,COMBINATII,PIC. ORALE-SOL.,,"ROWA WAGNER GMBH&CO KG -
GERMANIA","Cutie x 1 flacon x 10ml + aplicator
picurator - 5 ani",OTC,G04BDN1
RUPAN 200 mg,IBUPROFENUM,COMPR. FILM.,200mg,MEDOCHEMIE LTD. - CIPRU,"Cutie x 1 blist.  Al/PVC x 10 compr.
film. - 5 ani",OTC,M01AE01
RUPAN 200 mg,IBUPROFENUM,COMPR. FILM.,200mg,MEDOCHEMIE LTD. - CIPRU,"Cutie x 2 blist. Al/PVC x 10 compr.
film. - 5 ani",OTC,M01AE01
RUPAN 200 mg,IBUPROFENUM,COMPR. FILM.,200mg,MEDOCHEMIE LTD. - CIPRU,"Cutie x 10 blist. Al/PVC x 10 compr.
film. - 5 ani",OTC/S,M01AE01
RUPAN 200 mg,IBUPROFENUM,COMPR. FILM.,200mg,MEDOCHEMIE LTD. - CIPRU,"Cutie x 100 blist. Al/PVC x 10 compr.
film. - 5 ani",OTC/S,M01AE01
RUTINOSCORBIN 25 mg/100 mg,COMBINATII (RUTOSIDUM + ACIDUM ASCORBICUM ),COMPR. FILM.,25mg/100mg,"GLAXOSMITHKLINE
PHARMACEUTICALS S.A. - POLONIA",Cutie cu1 blist. Al/PVC x 30 compr. film. - 3 ani,OTC,C05CA51
SAB SIMPLEX,SIMETHICONUM,COMPR. MAST.,80mg,"PFIZER EUROPE MA EEIG -
MAREA BRITANIE","Cutie x 2 blist. PVC-PVDC/Al x 10
compr. mast. - 3 ani",OTC,A03AX13
SAB SIMPLEX,SIMETHICONUM,SUSP. ORALA,,"PFIZER EUROPE MA EEIG -
MAREA BRITANIE","Cutie x 1 flacon cu picurator x 30 ml
susp. orala - 3 ani",OTC,A03AX13
SALIFORM FORTE,COMBINATII,CREMA,,ANTIBIOTICE SA - ROMANIA,Cutie x 1 tub Al x 25 g - 3 ani,OTC,M02ACN2
SALMET - T 20 mg/ml,COMBINATII,SOL. CUT.,20mg/ml,TIS FARMACEUTIC SA - ROMANIA,"Cutie x 1 flacon PVC de culoare bruna
x 100 ml sol. cutanata - 3 ani",OTC,M02AC
SANADOR,PARACETAMOLUM,COMPR.,500mg,LAROPHARM SRL - ROMANIA,Cutie x 2 blist. x 6 compr. - 2 ani,OTC,N02BE01
SANADOR EXTRA,COMBINATII,COMPR.,250mg/150mg/ 50mg,LAROPHARM SRL - ROMANIA,"Cutie x 2 blist. Al/PVC x 6 compr. - 2
ani",OTC,N02BE51
SANADOR EXTRA,COMBINATII,COMPR.,250mg/150mg/ 50mg,LAROPHARM SRL - ROMANIA,"Cutie x 2 blist. Al/PVC x 10 compr. - 2
ani",OTC,N02BE51
"SANADOR PENTRU COPII 150
mg/ml",PARACETAMOLUM,SOL. ORALA,150mg/ml,LAROPHARM S.R.L. - ROMANIA,"Cutie cu 1 flac. din PET x 100 ml + 1 seringa dozatoare. gradata - 2
ani-dupa ambalarea pt. comericalizare;dupa prima deschidere
a flac.-30 zile",OTC,N02BE01
SANADOR PLUS 300 mg/30 mg,COMBINATII,COMPR.,300mg/30mg,LAROPHARM S.R.L. - ROMANIA,"Cutie cu 2 blist. Al/PVC x 6 compr. - 2
ani",OTC,N02BE51
SANTEPIRIN 75 mg,ACIDUM ACETYLSALICYLICUM,"COMPR.
GASTROREZ.",75mg,LAROPHARM S.R.L. - ROMANIA,"Cutie cu2 blist. PVC/Al x 20 compr.
gastrorez. - 2 ani",OTC,B01AC06
SAPROMED 100 mg (vezi A07AXN1),CHLORQUINALDOLUM,DRAJ.,100mg,ARENA GROUP S.A. - ROMANIA,"Cutie cu 1 blist. PVC/Al x 10 draj. - 3
ani",OTC,P01AA04
SAPROMED 100 mg (vezi A07AXN1),CHLORQUINALDOLUM,DRAJ.,100mg,ARENA GROUP S.A. - ROMANIA,Cutie cu 3 blist. PVC/Al x 10 draj. - 3,OTC,P01AA04
Denumirea comerciala,DCI,Forma,Conc,Firma / Tara detinatoare,Ambalaj,Pres.,ATC
Denumirea comerciala,DCI,Forma,Conc,Firma / Tara detinatoare,ani,,
Denumirea comerciala,DCI,Forma,Conc,Firma / Tara detinatoare,"Cutie cu 100 blist. PVC/Al x 10 draj. -
3 ani",OTC,P01AA04
SAPROMED 100 mg (vezi P01AA04),CHLORQUINALDOLUM,DRAJ.,,ARENA GROUP S.A. - ROMANIA,"Cutie cu 1 blist. PVC/Al x 10 draj. - 3
ani",OTC,A07AXN1
SAPROMED 100 mg (vezi P01AA04),CHLORQUINALDOLUM,DRAJ.,,ARENA GROUP S.A. - ROMANIA,"Cutie cu 3 blist. PVC/Al x 10 draj. - 3
ani",OTC,A07AXN1
SAPROMED 100 mg (vezi P01AA04),CHLORQUINALDOLUM,DRAJ.,,ARENA GROUP S.A. - ROMANIA,"Cutie cu 100 blist. PVC/Al x 10 draj. -
3 ani",OTC,A07AXN1
SAPROMED 30 mg/g,CHLORQUINALDOLUM,PULB. CUT.,30mg/g,MEDUMAN  S.A. - ROMANIA,"Cutie cu 1 flac. din PE. prevazut cu
aplicator de pudrare din PE x 12 g pulb. cutanata - 3 ani",OTC,D08AH02
SAPROSAN® (vezi A07AXN1),CHLORQUINALDOLUM,DRAJ.,100mg,SINTOFARM SA - ROMANIA,"Cutie x 1 blist. Al/PVC x 10 draj. - 3
ani",OTC,P01AA04
SAPROSAN® (vezi A07AXN1),CHLORQUINALDOLUM,DRAJ.,100mg,SINTOFARM SA - ROMANIA,"Cutie x 2 blist. Al/PVC x 10 draj. - 3
ani",OTC,P01AA04
SAPROSAN® (vezi P01AA04),CHLORQUINALDOLUM,DRAJ.,,SINTOFARM SA - ROMANIA,"Cutie x 1 blist. Al/PVC x 10 draj. - 3
ani",OTC,A07AXN1
SAPROSAN® (vezi P01AA04),CHLORQUINALDOLUM,DRAJ.,,SINTOFARM SA - ROMANIA,"Cutie x 2 blist. Al/PVC x 10 draj. - 3
ani",OTC,A07AXN1
SARGENOR,ARGININUM,SOL. ORALA,1g/5ml,MEDA PHARMA - FRANTA,Cutie x 10 fiole x 5 ml sol. orala - 4 ani,OTC,A05BA01
SARGENOR,ARGININUM,SOL. ORALA,1g/5ml,MEDA PHARMA - FRANTA,Cutie x 20 fiole x 5 ml sol. orala - 4 ani,OTC,A05BA01
SARGENOR,ARGININUM,SOL. ORALA,1g/5ml,MEDA PHARMA - FRANTA,Cutie x 40 fiole x 5 ml sol. orala - 4 ani,OTC,A05BA01
SARIDON N 200,IBUPROFENUM,COMPR. FILM.,200mg,BAYER S.R.L. - ROMANIA,"Cutie cu 1 blist. PVC/PE/PVDC x 10
compr. film. - 3 ani",OTC,M01AE01
SARIDON N 200,IBUPROFENUM,COMPR. FILM.,200mg,BAYER S.R.L. - ROMANIA,"Cutie cu 1 blist. Al/Al x 10 compr. film.
- 3 ani",OTC,M01AE01
SARIDON N 200,IBUPROFENUM,COMPR. FILM.,200mg,BAYER S.R.L. - ROMANIA,"Cutie cu 1 flac. din PP/PE x 10 compr.
film. - 3 ani",OTC,M01AE01
SARIDON®,COMBINATII,COMPR.,,BAYER S.R.L. - ROMANIA,"Cutie x 1 blist. Al/PVC x 10 compr. - 5
ani",OTC,N02BE51
SCOBUTIL 10 mg,BUTYLSCOPOLAMMONII BROMIDUM,COMPR.,10mg,TAKEDA GmbH - GERMANIA,"Cutie x 1 blist. Al/PVC x 25 compr. - 3
ani",OTC,A03BB01
SCOBUTIL 10 mg,BUTYLSCOPOLAMMONII BROMIDUM,COMPR.,10mg,TAKEDA GmbH - GERMANIA,"Cutie x 2 blist. Al/PVC x 25 compr. - 3
ani",OTC,A03BB01
SCOPANTIL 10 mg,BUTYLSCOPOLAMMONII BROMIDUM,COMPR.,,ANTIBIOTICE SA - ROMANIA,"Cutie cu 2 blist. PVC/Al x 10 compr. -
3 ani",OTC,A03BB01
SCOPANTIL 10 mg,BUTYLSCOPOLAMMONII BROMIDUM,COMPR.,,ANTIBIOTICE SA - ROMANIA,"Cutie cu 200 blist. PVC/Al x 10 compr.
- 3 ani",OTC,A03BB01
Denumirea comerciala,DCI,Forma,Conc,Firma / Tara detinatoare,Ambalaj,Pres.,ATC
SEDATIF PC,HOMEOPATE,COMPR.,,LAB. BOIRON - FRANTA,Cutie x 2 blist. x 20 compr. - 5 ani,OTC,XRNIT
SEPTANAZAL 1 mg/50 mg/ml,XYLOMETAZOLINUM+DEXPANT HENOLUM,SPRAY NAZ..SOL.,1mg/50mg/ml,KRKA D.D.. NOVO MESTO - SLOVENIA,"Cutie cu 1 flac. pulverizator PEID cu capac transparent din plastic. a 10 ml spray nazal. sol. (sol. eficienta pt 100 doze) - 2 ani-dupa ambalarea pt comercializare;dupa prma
deschidere-3 luni",OTC,R01AB06
"SEPTANAZAL PENTRU COPII 0.5
mg/50 mg/ml",XYLOMETAZOLINUM+DEXPANT HENOLUM,SPRAY NAZ..SOL.,0.5mg/50mg/ml,KRKA D.D.. NOVO MESTO - SLOVENIA,"Cutie cu 1 flac. pulverizator PEID cu capac rosu din plastic. a 10 ml spray nazal. sol. (sol. eficienta pt 100 doze) - 2 ani-dupa ambalarea pt comercializare;dupa prma
deschidere-3 luni",OTC,R01AB06
SEPTOLETE,COMBINATII,PASTILE,,KRKA D.D. NOVO MESTO - SLOVENIA,"Cutie x 3 blist. PVC-PVDC/Al x 10
pastile - 2 ani",OTC,R02AA06
SEPTOLETE,COMBINATII,PASTILE,,KRKA D.D. NOVO MESTO - SLOVENIA,"Cutie x 2 blist. din PVC-PVDC/Al x 15
pastile - 2 ani",OTC,R02AA06
SEPTOLETE APPLE,CETILPIRIDINIUM,PASTILE,1.2mg,"KRKA D.D. NOVO MESTO -
SLOVENIA","Cutie x 2 blist. Al/PVC-PVDC x 9
pastile - 3 ani",OTC,R02AA06
SEPTOLETE CHERRY,CETILPIRIDINIUM,PASTILE,,"KRKA D.D. NOVO MESTO -
SLOVENIA","Cutie x 2 blist. Al/PVC-PVDC x 9
pastile - 3 ani",OTC,R02AA06
SEPTOLETE D,COMBINATII,PASTILE,,KRKA D.D. NOVO MESTO - SLOVENIA,"Cutie x 3 blist. din PVC-PVDC/Al x 10
pastile - 3 ani",OTC,R02AA06
SEPTOLETE D,COMBINATII,PASTILE,,KRKA D.D. NOVO MESTO - SLOVENIA,"Cutie x 2 blist. din PVC-PVDC/Al x 15
pastile - 3 ani",OTC,R02AA06
SEPTOLETE LEMON,CETILPIRIDINIUM,PASTILE,1.2mg,"KRKA D.D. NOVO MESTO -
SLOVENIA","Cutie x 2 blist. Al/PVC-PVDC x 9
pastile - 3 ani",OTC,R02AA06
"SEPTOLETE PLUS CU AROMA DE
MIERE SI LAMAIE 5 mg/1 mg",COMBINATII,PASTILE,5mg/1mg,"KRKA. D.D.. NOVO MESTO -
SLOVENIA","Cutie cu 2 blist. PVC-PVDC/Al x 9
pastile - 2 ani",OTC,R02AA06
SEPTOLETE® PLUS,COMBINATII,COMPR. DE SUPT,,KRKA D.D. - SLOVENIA,"Cutie x 3 blist. PVC-PVDC/Al x 10
compr. de supt - 3 ani",OTC,R02AA06
SEPTOLETE® PLUS,COMBINATII,COMPR. DE SUPT,,KRKA D.D. - SLOVENIA,"Cutie x 2 blist. PVC-PVDC/Al x 9
compr. de supt - 3 ani",OTC,R02AA06
SER EFEDRINAT 0.5%,EPHEDRINI HYDROCHLORIDUM,PIC.NAZ..SOL,0.50%,"TIS FARMACEUTIC S.A. -
ROMANIA","Cutie x 1 flac. picurator din PE x 10 ml
pic. naz.. sol. - 18 luni",OTC,R01AA03
SER EFEDRINAT 1%,EPHEDRINI HYDROCHLORIDUM,PIC.NAZ..SOL,1%,"TIS FARMACEUTIC S.A. -
ROMANIA","Cutie x 1 flac. picurator din PE x 10 ml
pic. naz.. sol. - 18 luni",OTC,R01AA03
SER FIZIOLOGIC 9 mg/ml,NATRII CHLORIDUM,SOLV. PT. UZ PARENT.,9mg/ml,ANTIBIOTICE S.A. - ROMANIA,"Cutie cu 5 fiole x 10 ml solv. pt. uz parenteral - 5 ani-dupa ambalarea pt.
comercializare;dupa prima",OTC,V07AB
Denumirea comerciala,DCI,Forma,Conc,Firma / Tara detinatoare,Ambalaj,Pres.,ATC
Denumirea comerciala,DCI,Forma,Conc,Firma / Tara detinatoare,deschidere-se utilizeaza imediat,,
Denumirea comerciala,DCI,Forma,Conc,Firma / Tara detinatoare,"Cutie cu 10 fiole x 10 ml solv. pt. uz parenteral - 5 ani-dupa ambalarea pt. comercializare;dupa prima
deschidere-se utilizeaza imediat",OTC,V07AB
Denumirea comerciala,DCI,Forma,Conc,Firma / Tara detinatoare,"Cutie cu 240 fiole x 10 ml solv. pt. uz parenteral. ambalaj uz spitalicesc - 5 ani-dupa ambalarea pt. comercializare;dupa prima
deschidere-se utilizeaza imediat",OTC,V07AB
SER FIZIOLOGIC 9 mg/ml KABI,NATRII CHLORIDUM,SOLV. PT. UZ PARENT.,,"FRESENIUS KABI ROMANIA
S.R.L. - ROMANIA","Cutie cu 20 fiole x 5 ml solv. pt. uz parenteral - 2 ani-dupa ambalarea pt. comercializare; dupa prima
deschidere-se utilizeaza imediat",OTC,V07AB
SER FIZIOLOGIC 9 mg/ml KABI,NATRII CHLORIDUM,SOLV. PT. UZ PARENT.,,"FRESENIUS KABI ROMANIA
S.R.L. - ROMANIA","Cutie cu 50 fiole x 5 ml solv. pt. uz parenteral - 2 ani-dupa ambalarea pt. comercializare; dupa prima
deschidere-se utilizeaza imediat",OTC,V07AB
SER FIZIOLOGIC 9 mg/ml KABI,NATRII CHLORIDUM,SOLV. PT. UZ PARENT.,,"FRESENIUS KABI ROMANIA
S.R.L. - ROMANIA","Cutie cu 20 fiole x 10 ml solv. pt. uz parenteral - 2 ani-dupa ambalarea pt. comercializare; dupa prima
deschidere-se utilizeaza imediat",OTC,V07AB
SER FIZIOLOGIC 9 mg/ml KABI,NATRII CHLORIDUM,SOLV. PT. UZ PARENT.,,"FRESENIUS KABI ROMANIA
S.R.L. - ROMANIA","Cutie cu 50 fiole x 10 ml solv. pt. uz parenteral - 2 ani-dupa ambalarea pt. comercializare; dupa prima
deschidere-se utilizeaza imediat",OTC,V07AB
SER FIZIOLOGIC 9 mg/ml KABI,NATRII CHLORIDUM,SOLV. PT. UZ PARENT.,,"FRESENIUS KABI ROMANIA
S.R.L. - ROMANIA","Cutie cu 20 fiole x 20 ml solv. pt. uz parenteral - 2 ani-dupa ambalarea pt. comercializare; dupa prima
deschidere-se utilizeaza imediat",OTC,V07AB
SER FIZIOLOGIC 90 mg/10 ml,NATRII CHLORIDUM,SOLV. PT. UZ PARENT.,90mg/10ml,ZENTIVA SA - ROMANIA,"Cutie x 5 fiole din sticla incolora cu inel de rupere x 10 ml solv. pt. uz
parent. - 3 ani",OTC,V07ABN1
SER FIZIOLOGIC 90 mg/10 ml,NATRII CHLORIDUM,SOLV. PT. UZ PARENT.,90mg/10ml,ZENTIVA SA - ROMANIA,"Cutie x 10 fiole din sticla incolora cu
inel de rupere x 10 ml solv. pt. uz parent. - 3 ani",OTC,V07ABN1
SICOVIT C 500 mg MANDARINE,ACIDUM ASCORBICUM,COMPR. EFF.,500mg,ZENTIVA A.S. - SLOVACIA,"Cutie x 1 tub din PP x 10 compr. eff. -
2 ani",OTC,A11GA01
SICOVIT C 500 mg MANDARINE,ACIDUM ASCORBICUM,COMPR. EFF.,500mg,ZENTIVA A.S. - SLOVACIA,"Cutie x 1 tub din PP x 20 compr. eff. -
2 ani",OTC,A11GA01
Denumirea comerciala,DCI,Forma,Conc,Firma / Tara detinatoare,Ambalaj,Pres.,ATC
Denumirea comerciala,DCI,Forma,Conc,Firma / Tara detinatoare,"Cutie x 3 tuburi din PP x 10 compr. eff.
- 2 ani",OTC,A11GA01
SICOVIT C LONG EFFECT,ACIDUM ASCORBICUM,CAPS. ELIB. PREL.,,ZENTIVA K.S. - CEHIA,"Cutie x 1 blist. PVC/Al x 10 caps. cu
elib prel. - 2 ani",OTC,A11GA01
SICOVIT C LONG EFFECT,ACIDUM ASCORBICUM,CAPS. ELIB. PREL.,,ZENTIVA K.S. - CEHIA,"Cutie x 3 blist. PVC/Al x 10 caps. cu
elib prel. - 2 ani",OTC,A11GA01
SICOVIT C LONG EFFECT,ACIDUM ASCORBICUM,CAPS. ELIB. PREL.,,ZENTIVA K.S. - CEHIA,"Cutie x 6 blist. PVC/Al x 10 caps. cu
elib prel. - 2 ani",OTC,A11GA01
SINDOLOR,COMBINATII,GEL,,FITERMAN PHARMA S.R.L. - ROMANIA,Cutie cu 1 tub Al x 25 g gel - 3 ani,OTC,M02AAN1
SINDOLOR,COMBINATII,GEL,,FITERMAN PHARMA S.R.L. - ROMANIA,Cutie cu 1 tub Al x 45 g gel - 3 ani,OTC,M02AAN1
SINECOD®,BUTAMIRATUM,SIROP,7.5mg/5ml,"NOVARTIS CONSUMER HEALTH
GMBH - GERMANIA","Cutie x 1 flacon din sticla bruna x 200
ml + 1 masura dozatoare - 5 ani",OTC,R05DB13
SINUPRET®,PLANTE,DRAJ.,,BIONORICA SE - GERMANIA,Cutie x 2 blist. x 25 draj. - 3 ani,OTC,R02AA20
SINUPRET®,PLANTE,DRAJ.,,BIONORICA SE - GERMANIA,Cutie x 4 blist. x 25 draj. - 3 ani,OTC,R02AA20
SINUPRET®,PLANTE,DRAJ.,,BIONORICA SE - GERMANIA,Cutie x 8 blist. x 25 draj. - 3 ani,OTC,R02AA20
SINUPRET®,PLANTE,"PICATURI
ORALE-SOL.",,BIONORICA SE - GERMANIA,"Cutie x 1 flacon x 100 ml. prevazut cu
sistem picurator - 3 ani",OTC,R02AA20
SIROP EXPECTORANT®,COMBINATII,SIROP,,BIOFARM SA - ROMANIA,"Cutie x 1 flacon din sticla bruna x 100
ml + masura dozatoare - 3 ani",OTC,R05CA10
SIROP PATLAGINA,COMBINATII,SIROP,,BIOFARM SA - ROMANIA,"Cutie x 1 flacon din sticla bruna x 100
ml sirop + masura dozatoare - 3 ani",OTC,R05CA10
SIROP PATLAGINA,COMBINATII,SIROP,,BIOFARM SA - ROMANIA,"Cutie x 1 flacon din PET x 100 ml
sirop + masura dozatoare - 3 ani",OTC,R05CA10
SIRULAX 670 mg/ml,LACTULOSUM,SOL. ORALA,670mg/ml,SANDOZ  SRL - ROMANIA,"Cutie cu 1 flac. din sticla bruna inchis cu capac cu filet PEID la interior si copolimer PEID/PEJD la exterior x 100 ml sol. orala+masura dozatoare din  PP avand capacitatea de 30 ml gradata la fiecare 5 ml - 3 ani-dupa ambalarea pt. comercializare; dupa
prima deschidere a flac.- 1 an",OTC,A06AD11
SIRULAX 670 mg/ml,LACTULOSUM,SOL. ORALA,670mg/ml,SANDOZ  SRL - ROMANIA,"Cutie cu 1 flac. din sticla bruna inchis cu capac cu filet PEID la interior si copolimer PEID/PEJD la exterior x 200 ml sol. orala+masura dozatoare din  PP avand capacitatea de 30 ml gradata la fiecare 5 ml - 3 ani-dupa ambalarea pt. comercializare; dupa
prima deschidere a flac.- 1 an",OTC,A06AD11
Denumirea comerciala,DCI,Forma,Conc,Firma / Tara detinatoare,Ambalaj,Pres.,ATC
Denumirea comerciala,DCI,Forma,Conc,Firma / Tara detinatoare,"Cutie cu 1 flac. din sticla bruna inchis cu capac cu filet PEID la interior si copolimer PEID/PEJD la exterior x 250 ml sol. orala+masura dozatoare din  PP avand capacitatea de 30 ml gradata la fiecare 5 ml - 3 ani-dupa ambalarea pt. comercializare; dupa
prima deschidere a flac.- 1 an",OTC,A06AD11
Denumirea comerciala,DCI,Forma,Conc,Firma / Tara detinatoare,"Cutie cu 1 flac. din sticla bruna inchis cu capac cu filet PEID la interior si copolimer PEID/PEJD la exterior x 300 ml sol. orala+masura dozatoare din  PP avand capacitatea de 30 ml gradata la fiecare 5 ml - 3 ani-dupa ambalarea pt. comercializare; dupa
prima deschidere a flac.- 1 an",OTC,A06AD11
Denumirea comerciala,DCI,Forma,Conc,Firma / Tara detinatoare,"Cutie cu 1 flac. din sticla bruna inchis cu capac cu filet PEID la interior si copolimer PEID/PEJD la exterior x 500 ml sol. orala+masura dozatoare din  PP avand capacitatea de 30 ml gradata la fiecare 5 ml - 3 ani-dupa ambalarea pt. comercializare; dupa
prima deschidere a flac.- 1 an",OTC,A06AD11
Denumirea comerciala,DCI,Forma,Conc,Firma / Tara detinatoare,"Cutie cu 1 flac. din sticla bruna inchis cu capac cu filet PEID la interior si copolimer PEID/PEJD la exterior x 1000 ml sol. orala+masura dozatoare din PP avand capacitatea de 30 ml gradata la fiecare 5 ml - 3 ani-dupa ambalarea pt. comercializare; dupa
prima deschidere a flac.- 1 an",OTC,A06AD11
Denumirea comerciala,DCI,Forma,Conc,Firma / Tara detinatoare,"Cutie cu 1 flac. din PET brun inchis cu capac cu filet PEID la interior si copolimer PEID/PEJD la exterior a 100 ml solutie orala+masura dozatoare din PP avand capacitatea de 30 ml gradata la fiecare 5 ml - 3 ani-dupa ambalarea pt. comercializare; dupa prima
deschidere a flac.- 1 an",OTC,A06AD11
Denumirea comerciala,DCI,Forma,Conc,Firma / Tara detinatoare,Ambalaj,Pres.,ATC
Denumirea comerciala,DCI,Forma,Conc,Firma / Tara detinatoare,"Cutie cu 10 flac. din PET brun inchis cu capac cu filet PEID la interior si copolimer PEID/PEJD la exterior a 100 ml solutie orala+masura dozatoare din PP avand capacitatea de 30 ml gradata la fiecare 5 ml - 3 ani-dupa ambalarea pt. comercializare; dupa prima
deschidere a flac.- 1 an",OTC,A06AD11
Denumirea comerciala,DCI,Forma,Conc,Firma / Tara detinatoare,"Cutie cu 1 flac. din PET brun inchis cu capac cu filet PEID la interior si copolimer PEID/PEJD la exterior a 200 ml solutie orala+masura dozatoare din PP avand capacitatea de 30 ml gradata la fiecare 5 ml - 3 ani-dupa ambalarea pt. comercializare; dupa prima
deschidere a flac.- 1 an",OTC,A06AD11
Denumirea comerciala,DCI,Forma,Conc,Firma / Tara detinatoare,"Cutie cu 1 flac. din PET brun inchis cu capac cu filet PEID la interior si copolimer PEID/PEJD la exterior a 250 ml solutie orala+masura dozatoare din PP avand capacitatea de 30 ml gradata la fiecare 5 ml - 3 ani-dupa ambalarea pt. comercializare; dupa prima
deschidere a flac.- 1 an",OTC,A06AD11
Denumirea comerciala,DCI,Forma,Conc,Firma / Tara detinatoare,"Cutie cu 1 flac. din PET brun inchis cu capac cu filet PEID la interior si copolimer PEID/PEJD la exterior a 300 ml solutie orala+masura dozatoare din PP avand capacitatea de 30 ml gradata la fiecare 5 ml - 3 ani-dupa ambalarea pt. comercializare; dupa prima
deschidere a flac.- 1 an",OTC,A06AD11
Denumirea comerciala,DCI,Forma,Conc,Firma / Tara detinatoare,"Cutie cu 1 flac. din PET brun inchis cu capac cu filet PEID la interior si copolimer PEID/PEJD la exterior a 500 ml solutie orala+masura
dozatoare din PP avand capacitatea",OTC,A06AD11
Denumirea comerciala,DCI,Forma,Conc,Firma / Tara detinatoare,Ambalaj,Pres.,ATC
Denumirea comerciala,DCI,Forma,Conc,Firma / Tara detinatoare,"de 30 ml gradata la fiecare 5 ml - 3 ani-dupa ambalarea pt. comercializare; dupa prima
deschidere a flac.- 1 an",,
Denumirea comerciala,DCI,Forma,Conc,Firma / Tara detinatoare,"Cutie cu 1 flac. din PET brun inchis cu capac cu filet PEID la interior si copolimer PEID/PEJD la exterior a 1000 ml solutie orala+masura dozatoare din PP avand capacitatea de 30 ml gradata la fiecare 5 ml - 3 ani-dupa ambalarea pt. comercializare; dupa prima
deschidere a flac.- 1 an",OTC,A06AD11
Denumirea comerciala,DCI,Forma,Conc,Firma / Tara detinatoare,"Cutie cu 1 flac. din PET brun inchis cu capac din PEID si sigiliu x 100 ml sol. orala+masura dozatoare din PP avand capacitatea de 30 ml gradata la  fiecare 5 ml - 3 ani-dupa ambalarea pt. comercializare; dupa prima
deschidere a flac.- 1 an",OTC,A06AD11
Denumirea comerciala,DCI,Forma,Conc,Firma / Tara detinatoare,"Cutie cu 10 flac. din PET brun inchise cu capac din PEID si sigiliu x 100 ml sol. orala+masura dozatoare din PP avand capacitatea de 30 ml gradata la fiecare 5 ml - 3 ani-dupa ambalarea pt. comercializare; dupa prima
deschidere a flac.- 1 an",OTC,A06AD11
Denumirea comerciala,DCI,Forma,Conc,Firma / Tara detinatoare,"Cutie cu 1 flac. din PET brun inchis cu capac din PEID si sigiliu x 200 ml sol. orala+masura dozatoare din PP avand capacitatea de 30 ml gradata la  fiecare 5 ml - 3 ani-dupa ambalarea pt. comercializare; dupa prima
deschidere a flac.- 1 an",OTC,A06AD11
Denumirea comerciala,DCI,Forma,Conc,Firma / Tara detinatoare,"Cutie cu 1 flac. din PET brun inchis cu capac din PEID si sigiliu x 250 ml sol. orala+masura dozatoare din PP avand capacitatea de 30 ml gradata la  fiecare 5 ml - 3 ani-dupa ambalarea pt. comercializare; dupa prima
deschidere a flac.- 1 an",OTC,A06AD11
Denumirea comerciala,DCI,Forma,Conc,Firma / Tara detinatoare,Ambalaj,Pres.,ATC
Denumirea comerciala,DCI,Forma,Conc,Firma / Tara detinatoare,"Cutie cu 1 flac. din PET brun inchis cu capac din PEID si sigiliu x 300 ml sol. orala+masura dozatoare din PP avand capacitatea de 30 ml gradata la  fiecare 5 ml - 3 ani-dupa ambalarea pt. comercializare; dupa prima
deschidere a flac.- 1 an",OTC,A06AD11
Denumirea comerciala,DCI,Forma,Conc,Firma / Tara detinatoare,"Cutie cu 1 flac. din PET brun inchis cu capac din PEID si sigiliu x 500 ml sol. orala+masura dozatoare din PP avand capacitatea de 30 ml gradata la  fiecare 5 ml - 3 ani-dupa ambalarea pt. comercializare; dupa prima
deschidere a flac.- 1 an",OTC,A06AD11
Denumirea comerciala,DCI,Forma,Conc,Firma / Tara detinatoare,"Cutie cu 1 flac. din PET brun inchis cu capac din PEID si sigiliu x 1000 ml sol. orala+masura dozatoare din PP avand capacitatea de 30 ml gradata la  fiecare 5 ml - 3 ani-dupa ambalarea pt. comercializare; dupa prima
deschidere a flac.- 1 an",OTC,A06AD11
Denumirea comerciala,DCI,Forma,Conc,Firma / Tara detinatoare,"Cutie cu 1 flac. din PET alb cu capac cu filet din PEID la interior si copolimer PEID/PEJD la exterior x 100 ml sol. orala cu masura dozatoare din PP avand capacitatea de 30 ml gradata la fiecare 5 ml - 3 ani-dupa ambalarea pt. comercializare; dupa prima
deschidere a flac.- 1 an",OTC,A06AD11
Denumirea comerciala,DCI,Forma,Conc,Firma / Tara detinatoare,"Cutie cu 1 flac. din PET alb cu capac cu filet din PEID la interior si copolimer PEID/PEJD la exterior x 200 ml sol. orala cu masura dozatoare din PP avand capacitatea de 30 ml gradata la fiecare 5 ml - 3 ani-dupa ambalarea pt. comercializare; dupa prima
deschidere a flac.- 1 an",OTC,A06AD11
Denumirea comerciala,DCI,Forma,Conc,Firma / Tara detinatoare,"Cutie cu 1 flac. din PET alb cu capac cu filet din PEID la interior si copolimer PEID/PEJD la exterior x 300 ml sol.
orala cu masura dozatoare din PP",OTC,A06AD11
Denumirea comerciala,DCI,Forma,Conc,Firma / Tara detinatoare,Ambalaj,Pres.,ATC
Denumirea comerciala,DCI,Forma,Conc,Firma / Tara detinatoare,"avand capacitatea de 30 ml gradata la fiecare 5 ml - 3 ani-dupa ambalarea pt. comercializare; dupa prima
deschidere a flac.- 1 an",,
Denumirea comerciala,DCI,Forma,Conc,Firma / Tara detinatoare,"Cutie cu 1 flac. din PET alb cu capac cu filet din PEID la interior si copolimer PEID/PEJD la exterior x 500 ml sol. orala cu masura dozatoare din PP avand capacitatea de 30 ml gradata la fiecare 5 ml - 3 ani-dupa ambalarea pt. comercializare; dupa prima
deschidere a flac.- 1 an",OTC,A06AD11
Denumirea comerciala,DCI,Forma,Conc,Firma / Tara detinatoare,"Cutie cu 1 flac. din PET alb cu capac cu filet din PEID la interior si copolimer PEID/PEJD la exterior x 1000 ml sol. orala cu masura dozatoare din PP avand capacitatea de 30 ml gradata la fiecare 5 ml - 3 ani-dupa ambalarea pt. comercializare; dupa prima
deschidere a flac.- 1 an",OTC,A06AD11
Denumirea comerciala,DCI,Forma,Conc,Firma / Tara detinatoare,"Cutie cu 1 flac. din PET alb cu capac din PEID si sigilliu x 100 ml sol. orala cu masura dozatoare din PP avand capacitatea de 30 ml gradata la  fiecare 5 ml - 3 ani-dupa ambalarea pt. comercializare; dupa prima
deschidere a flac.- 1 an",OTC,A06AD11
Denumirea comerciala,DCI,Forma,Conc,Firma / Tara detinatoare,"Cutie cu 1 flac. din PET alb cu capac din PEID si sigilliu x 200 ml sol. orala cu masura dozatoare din PP avand capacitatea de 30 ml gradata la  fiecare 5 ml - 3 ani-dupa ambalarea pt. comercializare; dupa prima
deschidere a flac.- 1 an",OTC,A06AD11
Denumirea comerciala,DCI,Forma,Conc,Firma / Tara detinatoare,"Cutie cu 1 flac. din PET alb cu capac din PEID si sigilliu x 300 ml sol. orala cu masura dozatoare din PP avand capacitatea de 30 ml gradata la  fiecare 5 ml - 3 ani-dupa ambalarea pt. comercializare; dupa prima
deschidere a flac.- 1 an",OTC,A06AD11
Denumirea comerciala,DCI,Forma,Conc,Firma / Tara detinatoare,Ambalaj,Pres.,ATC
Denumirea comerciala,DCI,Forma,Conc,Firma / Tara detinatoare,"Cutie cu 1 flac. din PET alb cu capac din PEID si sigilliu x 500 ml sol. orala cu masura dozatoare din PP avand capacitatea de 30 ml gradata la  fiecare 5 ml - 3 ani-dupa ambalarea pt. comercializare; dupa prima
deschidere a flac.- 1 an",OTC,A06AD11
Denumirea comerciala,DCI,Forma,Conc,Firma / Tara detinatoare,"Cutie cu 1 flac. din PET alb cu capac din PEID si sigilliu x 1000 ml sol. orala cu masura dozatoare din PP avand capacitatea de 30 ml gradata la  fiecare 5 ml - 3 ani-dupa ambalarea pt. comercializare; dupa prima
deschidere a flac.- 1 an",OTC,A06AD11
SMECTA 3 g/plic,DIOSMECTITA,"PULB. PT. SUSP.
ORALA",3g/plic,IPSEN PHARMA - FRANTA,"Cutie cu 10 plicuri hartie/Al/PE x 3.76
g pulb. pt. susp. orala - 3 ani",OTC,A07BC05
SOLPADEINE,COMBINATII,COMPR.,,HIPOCRATE 2000 SRL - ROMANIA,"Cutie x 1 blist. Al/PVC x 12 compr. - 5
ani",OTC,N02BE51
SOLPADEINE,COMBINATII,COMPR.,,HIPOCRATE 2000 SRL - ROMANIA,"Cutie x 2 blist. Al/PVC x 12 compr. - 5
ani",OTC,N02BE51
SOLPADEINE,COMBINATII,COMPR.,,HIPOCRATE 2000 SRL - ROMANIA,"Cutie x 2 blist. Al/PVC x 8 compr. - 5
ani",OTC,N02BE51
SOLPADEINE,COMBINATII,COMPR.,,HIPOCRATE 2000 SRL - ROMANIA,"Cutie x 4 blist. Al/PVC x 8 compr. - 5
ani",OTC,N02BE51
SOLPADEINE,COMBINATII,COMPR.,,HIPOCRATE 2000 SRL - ROMANIA,"Cutie tip portofel x 1 blist. Al/PVC x 12
compr. - 5 ani",OTC,N02BE51
SOLPADEINE,COMBINATII,COMPR.,,HIPOCRATE 2000 SRL - ROMANIA,"Cutie tip portofel x 1 blist. Al/PVC x 8
compr. - 5 ani",OTC,N02BE51
SOLPADEINE 500 mg/8 mg/30 mg,COMBINATII,COMPR. EFF.,500mg/8mg/30 mg,HIPOCRATE 2000 SRL - ROMANIA,"Cutie cu 2 folii din hartie-PE-Al-PE x 2
compr. eff. - 4 ani",OTC,N02BE51
SOLPADEINE 500 mg/8 mg/30 mg,COMBINATII,COMPR. EFF.,500mg/8mg/30 mg,HIPOCRATE 2000 SRL - ROMANIA,"Cutie cu 4  folii din hartie-PE-Al-PE x 2
compr. eff. - 4 ani",OTC,N02BE51
SOLPADEINE 500 mg/8 mg/30 mg,COMBINATII,COMPR. EFF.,500mg/8mg/30 mg,HIPOCRATE 2000 SRL - ROMANIA,"Cutie cu 6  folii din hartie-PE-Al-PE x 2
compr. eff. - 4 ani",OTC,N02BE51
SOLPADEINE 500 mg/8 mg/30 mg,COMBINATII,COMPR. EFF.,500mg/8mg/30 mg,HIPOCRATE 2000 SRL - ROMANIA,"Cutie cu 12  folii din hartie-PE-Al-PE x
2 compr. eff. - 4 ani",OTC,N02BE51
SOLPADEINE 500 mg/8 mg/30 mg,COMBINATII,COMPR. EFF.,500mg/8mg/30 mg,HIPOCRATE 2000 SRL - ROMANIA,"Cutie cu 30 folii  folii din
hartie-PE-Al-PE x 2 compr. eff. - 4 ani",OTC,N02BE51
"SOLUTIE CONTRA AFTELOR
BUCALE 2.425 mg/21.34 mg/ml",COMBINATII,"PIC.
BUCOFARINGIEN","2.425mg/21.34
mg/ml",MEDUMAN S.A. - ROMANIA,"Cutie cu 1 flac. din sticla bruna si
picurator din PE a 10 ml pic.",OTC,A01AD11
Denumirea comerciala,DCI,Forma,Conc,Firma / Tara detinatoare,Ambalaj,Pres.,ATC
Denumirea comerciala,DCI,Forma,Conc,Firma / Tara detinatoare,bucofaringiene. sol. - 3 ani,,
SOMAC CONTROL,PANTOPRAZOLUM,COMPR. GASTROREZ.,20mg,NYCOMED GMBH - GERMANIA,"Cutie x blist. Al/Al x 7comp.gstrorez. -
3 ani",OTC,A02BC02
SOMAC CONTROL,PANTOPRAZOLUM,COMPR. GASTROREZ.,20mg,NYCOMED GMBH - GERMANIA,"Cutie x blist. Al/Al x 14 comp.
gastrorez. - 3 ani",OTC,A02BC02
SOMAC CONTROL,PANTOPRAZOLUM,COMPR. GASTROREZ.,20mg,NYCOMED GMBH - GERMANIA,"Cutie x blist.  Al/Al cu suport carton x 7
comp. gastrorez. - 3 ani",OTC,A02BC02
SOMAC CONTROL,PANTOPRAZOLUM,COMPR. GASTROREZ.,20mg,NYCOMED GMBH - GERMANIA,"Cutie x blist. Al/Al cu suport carton x
14 comp. gastrorez. - 3 ani",OTC,A02BC02
SOYFEM 100 mg,EXTRACT USCAT DE SEMINTE DE SOIA - GLYCINE MAX,COMPR. FILM.,100mg,BMF PHARM S.R.L. - ROMANIA,"Cutie x 3 blist. PVC-PVDC/Al x 10
compr. film. - 3 ani",OTC,C01AXN1
SOYFEM 100 mg,EXTRACT USCAT DE SEMINTE DE SOIA - GLYCINE MAX,COMPR. FILM.,100mg,BMF PHARM S.R.L. - ROMANIA,"Cutie x 6 blist. PVC-PVDC/Al x 10
compr. film. - 3 ani",OTC,C01AXN1
SPASMOCALM,DROTAVERINUM,COMPR.,40mg,MAGISTRA C & C - ROMANIA,Cutie x 2 blist. x 10 compr. - 2 ani,OTC,A03AD02
SPAVERIN 40 mg,DROTAVERINUM,CAPS.,40 mg,ANTIBIOTICE S.A. - ROMANIA,"Cutie cu 2 blist. PVC/Al x 10 caps. - 3
ani",OTC,A03AD02
SPAVERIN 40 mg,DROTAVERINUM,CAPS.,40 mg,ANTIBIOTICE S.A. - ROMANIA,"Cutie cu 100 blist. PVC/Al x 10 caps. -
3 ani",OTC,A03AD02
SPAVERIN 80 mg,DROTAVERINUM,CAPS.,80 mg,ANTIBIOTICE S.A. - ROMANIA,"Cutie cu 2 blist. PVC/Al x 10 caps. - 3
ani",OTC,A03AD02
SPAVERIN 80 mg,DROTAVERINUM,CAPS.,80 mg,ANTIBIOTICE S.A. - ROMANIA,"Cutie cu 100 blist. PVC/Al x 10 caps. -
3 ani",OTC,A03AD02
SPAZZ  FORTE 80 mg,DROTAVERINUM,COMPR.,80mg,LABORMED PHARMA S.A. - ROMANIA,"Cutie cu 1 blist. PVC-PVDC/Al x 10
compr. - 2 ani",OTC,A03AD02
SPAZZ  FORTE 80 mg,DROTAVERINUM,COMPR.,80mg,LABORMED PHARMA S.A. - ROMANIA,"Cutie cu 2 blist. PVC-PVDC/Al x 10
compr. - 2 ani",OTC,A03AD02
SPAZZ  FORTE 80 mg,DROTAVERINUM,COMPR.,80mg,LABORMED PHARMA S.A. - ROMANIA,"Cutie cu 3 blist. PVC-PVDC/Al x 10
compr. - 2 ani",OTC,A03AD02
SPAZZ  FORTE 80 mg,DROTAVERINUM,COMPR.,80mg,LABORMED PHARMA S.A. - ROMANIA,"Cutie cu 5 blist. PVC-PVDC/Al x 10
compr. - 2 ani",OTC,A03AD02
SPAZZ  FORTE 80 mg,DROTAVERINUM,COMPR.,80mg,LABORMED PHARMA S.A. - ROMANIA,"Cutie cu 10 blist. PVC-PVDC/Al x 10
compr. - 2 ani",OTC,A03AD02
SPAZZ 40 mg,DROTAVERINUM,COMPR.,40mg,LABORMED PHARMA S.A. - ROMANIA,"Cutie cu un blister din PVC-PVdC/Al a
20 comprimate - 2 ani",OTC,A03AD02
SPAZZ 40 mg,DROTAVERINUM,COMPR.,40mg,LABORMED PHARMA S.A. - ROMANIA,"Cutie cu 2 blistere din PVC-PVdC/Al a
20 comprimate - 2 ani",OTC,A03AD02
SPAZZ 40 mg,DROTAVERINUM,COMPR.,40mg,LABORMED PHARMA S.A. - ROMANIA,"Cutie cu 3 blistere din PVC-PVdC/Al a
20 comprimate - 2 ani",OTC,A03AD02
SPAZZ 40 mg,DROTAVERINUM,COMPR.,40mg,LABORMED PHARMA S.A. - ROMANIA,"Cutie cu 5 blistere din PVC-PVdC/Al a
20 comprimate - 2 ani",OTC,A03AD02
Denumirea comerciala,DCI,Forma,Conc,Firma / Tara detinatoare,Ambalaj,Pres.,ATC
Denumirea comerciala,DCI,Forma,Conc,Firma / Tara detinatoare,"Cutie cu 10 blistere din PVC-PVdC/Al
a 20 comprimate - 2 ani",OTC,A03AD02
SPERSALLERG®,COMBINATII,SOL. OFT.,,LABORATOIRES  THEA - FRANTA,Cutie x 1 flacon x 10 ml - 3 ani,OTC,S01GA52
STADALAX 5 mg,BISACODYLUM,DRAJ. GASTROREZ.,5mg,STADA ARZNEIMITTEL AG - GERMANIA,"Cutie cu 1 blist. PVC-PVDC/Al x 25
draj. gastrorez. - 3 ani",OTC,A06AB02
STADALAX 5 mg,BISACODYLUM,DRAJ. GASTROREZ.,5mg,STADA ARZNEIMITTEL AG - GERMANIA,"Cutie cu 2 blist. PVC-PVDC/Al x 25
draj. gastrorez. - 3 ani",OTC,A06AB02
STADALAX 5 mg,BISACODYLUM,DRAJ. GASTROREZ.,5mg,STADA ARZNEIMITTEL AG - GERMANIA,"Cutie cu 4 blist. PVC-PVDC/Al x 25
draj. gastrorez. - 3 ani",OTC,A06AB02
STODAL,HOMEOPATE,GRAN. HOMEOPATE,,LAB. BOIRON SA - FRANTA,"Cutie x 2 tuburi din polipropilena x 4 g
granule homeopate + distribuitor de granule din polipropilena - 5 ani",OTC,XRNIT
STODAL,HOMEOPATE,SIROP,,LAB. BOIRON SA - FRANTA,"Cutie x 1 flacon din sticla bruna x 200
ml - 5 ani",OTC,XRNIT
STOPERAN 2 mg,LOPERAMIDUM,CAPS.,2mg,"US PHARMACIA SP. Z.O.O. -
POLONIA","Cutie cu 1 blist. PVC-PVDC/Al x 8
caps. - 2 ani",OTC,A07DA03
STOPTUSSIN®,COMBINATII,"SOL. ORALA IN
PICATURI",,"TEVA CZECH INDUSTRIES S.R.O.
- CEHIA","Cutie x 1 flacon x 10 ml + picator - 5
ani",OTC,R05FB02
STREPFEN 8.75 mg,FLURBIPROFEN,GRANULE,8.75mg,RECKITT BENCKISER HEALTHCARE INTERNATIONAL LIMITED - MAREA BRITANIE,Cutie plianta de carton cu 1 plic din PET/PE/Al/PE cu granule - 2 ani,OTC,R02AX01
STREPFEN 8.75 mg,FLURBIPROFEN,GRANULE,8.75mg,RECKITT BENCKISER HEALTHCARE INTERNATIONAL LIMITED - MAREA BRITANIE,"Cutie plianta de carton cu 2 plicuri din
PET/PE/Al/PE cu granule - 2 ani",OTC,R02AX01
STREPFEN 8.75 mg,FLURBIPROFEN,GRANULE,8.75mg,RECKITT BENCKISER HEALTHCARE INTERNATIONAL LIMITED - MAREA BRITANIE,"Cutie plianta de carton cu 3 plicuri din
PET/PE/Al/PE cu granule - 2 ani",OTC,R02AX01
STREPFEN 8.75 mg,FLURBIPROFEN,GRANULE,8.75mg,RECKITT BENCKISER HEALTHCARE INTERNATIONAL LIMITED - MAREA BRITANIE,"Cutie plianta de carton cu 4 plicuri din
PET/PE/Al/PE cu granule - 2 ani",OTC,R02AX01
STREPFEN 8.75 mg,FLURBIPROFEN,GRANULE,8.75mg,RECKITT BENCKISER HEALTHCARE INTERNATIONAL LIMITED - MAREA BRITANIE,"Cutie plianta de carton cu 5 plicuri din
PET/PE/Al/PE cu granule - 2 ani",OTC,R02AX01
STREPFEN 8.75 mg,FLURBIPROFEN,GRANULE,8.75mg,RECKITT BENCKISER HEALTHCARE INTERNATIONAL LIMITED - MAREA BRITANIE,"Cutie plianta de carton cu 6 plicuri din
PET/PE/Al/PE cu granule - 2 ani",OTC,R02AX01
STREPFEN 8.75 mg,FLURBIPROFEN,GRANULE,8.75mg,RECKITT BENCKISER HEALTHCARE INTERNATIONAL LIMITED - MAREA BRITANIE,"Cutie plianta de carton cu 7 plicuri din
PET/PE/Al/PE cu granule - 2 ani",OTC,R02AX01
STREPFEN 8.75 mg,FLURBIPROFEN,GRANULE,8.75mg,RECKITT BENCKISER HEALTHCARE INTERNATIONAL LIMITED - MAREA BRITANIE,"Cutie plianta de carton cu 8 plicuri din
PET/PE/Al/PE cu granule - 2 ani",OTC,R02AX01
STREPFEN 8.75 mg,FLURBIPROFEN,GRANULE,8.75mg,RECKITT BENCKISER HEALTHCARE INTERNATIONAL LIMITED - MAREA BRITANIE,"Cutie plianta de carton cu 9 plicuri din
PET/PE/Al/PE cu granule - 2 ani",OTC,R02AX01
STREPFEN 8.75 mg,FLURBIPROFEN,GRANULE,8.75mg,RECKITT BENCKISER HEALTHCARE INTERNATIONAL LIMITED - MAREA BRITANIE,"Cutie plianta de carton cu 10 plicuri
din PET/PE/Al/PE cu granule - 2 ani",OTC,R02AX01
STREPFEN 8.75 mg,FLURBIPROFEN,GRANULE,8.75mg,RECKITT BENCKISER HEALTHCARE INTERNATIONAL LIMITED - MAREA BRITANIE,Cutie plianta de carton cu 11 plicuri,OTC,R02AX01
Denumirea comerciala,DCI,Forma,Conc,Firma / Tara detinatoare,Ambalaj,Pres.,ATC
Denumirea comerciala,DCI,Forma,Conc,Firma / Tara detinatoare,din PET/PE/Al/PE cu granule - 2 ani,,
Denumirea comerciala,DCI,Forma,Conc,Firma / Tara detinatoare,"Cutie plianta de carton cu 12 plicuri
din PET/PE/Al/PE cu granule - 2 ani",OTC,R02AX01
Denumirea comerciala,DCI,Forma,Conc,Firma / Tara detinatoare,"Cutie plianta de carton cu 13 plicuri
din PET/PE/Al/PE cu granule - 2 ani",OTC,R02AX01
Denumirea comerciala,DCI,Forma,Conc,Firma / Tara detinatoare,"Cutie plianta de carton cu 14 plicuri
din PET/PE/Al/PE cu granule - 2 ani",OTC,R02AX01
Denumirea comerciala,DCI,Forma,Conc,Firma / Tara detinatoare,"Cutie plianta de carton cu 15 plicuri
din PET/PE/Al/PE cu granule - 2 ani",OTC,R02AX01
Denumirea comerciala,DCI,Forma,Conc,Firma / Tara detinatoare,"Cutie plianta de carton cu 16 plicuri
din PET/PE/Al/PE cu granule - 2 ani",OTC,R02AX01
Denumirea comerciala,DCI,Forma,Conc,Firma / Tara detinatoare,"Cutie plianta de carton/PVC
transparent cu 1 plic din PET/PE/Al/PE cu granule - 2 ani",OTC,R02AX01
Denumirea comerciala,DCI,Forma,Conc,Firma / Tara detinatoare,"Cutie plianta de carton/PVC
transparent cu 2 plicuri din PET/PE/Al/PE cu granule - 2 ani",OTC,R02AX01
Denumirea comerciala,DCI,Forma,Conc,Firma / Tara detinatoare,"Cutie plianta de carton/PVC
transparent cu 3 plicuri din PET/PE/Al/PE cu granule - 2 ani",OTC,R02AX01
Denumirea comerciala,DCI,Forma,Conc,Firma / Tara detinatoare,"Cutie plianta de carton/PVC transparent cu 4 plicuri din
PET/PE/Al/PE cu granule - 2 ani",OTC,R02AX01
Denumirea comerciala,DCI,Forma,Conc,Firma / Tara detinatoare,"Cutie plianta de carton/PVC transparent cu 5 plicuri din
PET/PE/Al/PE cu granule - 2 ani",OTC,R02AX01
Denumirea comerciala,DCI,Forma,Conc,Firma / Tara detinatoare,"Cutie plianta de carton/PVC transparent cu 6 plicuri din
PET/PE/Al/PE cu granule - 2 ani",OTC,R02AX01
Denumirea comerciala,DCI,Forma,Conc,Firma / Tara detinatoare,"Cutie plianta de carton/PVC transparent cu 7 plicuri din
PET/PE/Al/PE cu granule - 2 ani",OTC,R02AX01
Denumirea comerciala,DCI,Forma,Conc,Firma / Tara detinatoare,"Cutie plianta de carton/PVC transparent cu 8 plicuri din
PET/PE/Al/PE cu granule - 2 ani",OTC,R02AX01
Denumirea comerciala,DCI,Forma,Conc,Firma / Tara detinatoare,"Cutie plianta de carton/PVC transparent cu 9 plicuri din
PET/PE/Al/PE cu granule - 2 ani",OTC,R02AX01
Denumirea comerciala,DCI,Forma,Conc,Firma / Tara detinatoare,Ambalaj,Pres.,ATC
Denumirea comerciala,DCI,Forma,Conc,Firma / Tara detinatoare,"Cutie plianta de carton/PVC transparent cu 10 plicuri din
PET/PE/Al/PE cu granule - 2 ani",OTC,R02AX01
Denumirea comerciala,DCI,Forma,Conc,Firma / Tara detinatoare,"Cutie plianta de carton/PVC transparent cu 11 plicuri din
PET/PE/Al/PE cu granule - 2 ani",OTC,R02AX01
Denumirea comerciala,DCI,Forma,Conc,Firma / Tara detinatoare,"Cutie plianta de carton/PVC transparent cu 12 plicuri din
PET/PE/Al/PE cu granule - 2 ani",OTC,R02AX01
Denumirea comerciala,DCI,Forma,Conc,Firma / Tara detinatoare,"Cutie plianta de carton/PVC transparent cu 13 plicuri din
PET/PE/Al/PE cu granule - 2 ani",OTC,R02AX01
Denumirea comerciala,DCI,Forma,Conc,Firma / Tara detinatoare,"Cutie plianta de carton/PVC transparent cu 14 plicuri din
PET/PE/Al/PE cu granule - 2 ani",OTC,R02AX01
Denumirea comerciala,DCI,Forma,Conc,Firma / Tara detinatoare,"Cutie plianta de carton/PVC
transparent cu 15 plicuri din PET/PE/Al/PE cu granule - 2 ani",OTC,R02AX01
Denumirea comerciala,DCI,Forma,Conc,Firma / Tara detinatoare,"Cutie plianta de carton/PVC
transparent cu 16 plicuri din PET/PE/Al/PE cu granule - 2 ani",OTC,R02AX01
STREPSILS,COMBINATII,PASTILE,,RECKITT BENCKISER HEALTHCARE INTERNATIONAL LTD. - MAREA BRITANIE,Cutie cu 1 blist. PVDC-PVC/Al x 12 pastile - 3 ani,OTC,R02AA03
STREPSILS,COMBINATII,PASTILE,,RECKITT BENCKISER HEALTHCARE INTERNATIONAL LTD. - MAREA BRITANIE,"Cutie cu 2 blist. PVDC-PVC/Al x 12
pastile - 3 ani",OTC,R02AA03
STREPSILS  MIERE SI LAMÂIE,COMBINATII,PASTILE,,RECKITT BENCKISER HEALTHCARE INTERNATIONAL LTD. - MAREA BRITANIE,Cutie x 1 blist. PVDC-PVC/Al x 12 pastile - 3 ani,OTC,R02AA03
STREPSILS  MIERE SI LAMÂIE,COMBINATII,PASTILE,,RECKITT BENCKISER HEALTHCARE INTERNATIONAL LTD. - MAREA BRITANIE,"Cutie x 2 blist. PVDC-PVC/Al x 12
pastile - 3 ani",OTC,R02AA03
STREPSILS  MIERE SI LAMÂIE,COMBINATII,PASTILE,,RECKITT BENCKISER HEALTHCARE INTERNATIONAL LTD. - MAREA BRITANIE,"Cutie metalica (staniu) x 1 blist.
PVDC-PVC/Al  x 12 pastile - 3 ani",OTC,R02AA03
STREPSILS  MIERE SI LAMÂIE,COMBINATII,PASTILE,,RECKITT BENCKISER HEALTHCARE INTERNATIONAL LTD. - MAREA BRITANIE,"Cutie x 3 blist. PVDC-PVC/Al x 12
pastile - 3 ani",OTC,R02AA03
STREPSILS CLASIC,COMBINATII,PASTILE,,RECKITT BENCKISER HEALTHCARE INT. LTD. - MAREA BRITANIE,Cutie x 1 blist. PVDC-PVC/Al x 12 pastile - 3 ani,OTC,R02AA03
STREPSILS CLASIC,COMBINATII,PASTILE,,RECKITT BENCKISER HEALTHCARE INT. LTD. - MAREA BRITANIE,"Cutie x 2 blist. PVDC-PVC/Al x 12
pastile - 3 ani",OTC,R02AA03
Denumirea comerciala,DCI,Forma,Conc,Firma / Tara detinatoare,Ambalaj,Pres.,ATC
STREPSILS INTENSIV 8.75 mg,FLURBIPROFEN,GRANULE,8.75mg,RECKITT BENCKISER HEALTHCARE INTERNATIONAL LIMITED - MAREA BRITANIE,Cutie plianta de carton cu 1 plic din PET/PE/Al/PE cu granule - 2 ani,OTC,R02AX01
STREPSILS INTENSIV 8.75 mg,FLURBIPROFEN,GRANULE,8.75mg,RECKITT BENCKISER HEALTHCARE INTERNATIONAL LIMITED - MAREA BRITANIE,"Cutie plianta de carton cu 2 plicuri din
PET/PE/Al/PE cu granule - 2 ani",OTC,R02AX01
STREPSILS INTENSIV 8.75 mg,FLURBIPROFEN,GRANULE,8.75mg,RECKITT BENCKISER HEALTHCARE INTERNATIONAL LIMITED - MAREA BRITANIE,"Cutie plianta de carton cu 3 plicuri din
PET/PE/Al/PE cu granule - 2 ani",OTC,R02AX01
STREPSILS INTENSIV 8.75 mg,FLURBIPROFEN,GRANULE,8.75mg,RECKITT BENCKISER HEALTHCARE INTERNATIONAL LIMITED - MAREA BRITANIE,"Cutie plianta de carton cu 4 plicuri din
PET/PE/Al/PE cu granule - 2 ani",OTC,R02AX01
STREPSILS INTENSIV 8.75 mg,FLURBIPROFEN,GRANULE,8.75mg,RECKITT BENCKISER HEALTHCARE INTERNATIONAL LIMITED - MAREA BRITANIE,"Cutie plianta de carton cu 5 plicuri din
PET/PE/Al/PE cu granule - 2 ani",OTC,R02AX01
STREPSILS INTENSIV 8.75 mg,FLURBIPROFEN,GRANULE,8.75mg,RECKITT BENCKISER HEALTHCARE INTERNATIONAL LIMITED - MAREA BRITANIE,"Cutie plianta de carton cu 6 plicuri din
PET/PE/Al/PE cu granule - 2 ani",OTC,R02AX01
STREPSILS INTENSIV 8.75 mg,FLURBIPROFEN,GRANULE,8.75mg,RECKITT BENCKISER HEALTHCARE INTERNATIONAL LIMITED - MAREA BRITANIE,"Cutie plianta de carton cu 7 plicuri din
PET/PE/Al/PE cu granule - 2 ani",OTC,R02AX01
STREPSILS INTENSIV 8.75 mg,FLURBIPROFEN,GRANULE,8.75mg,RECKITT BENCKISER HEALTHCARE INTERNATIONAL LIMITED - MAREA BRITANIE,"Cutie plianta de carton cu 8 plicuri din
PET/PE/Al/PE cu granule - 2 ani",OTC,R02AX01
STREPSILS INTENSIV 8.75 mg,FLURBIPROFEN,GRANULE,8.75mg,RECKITT BENCKISER HEALTHCARE INTERNATIONAL LIMITED - MAREA BRITANIE,"Cutie plianta de carton cu 9 plicuri din
PET/PE/Al/PE cu granule - 2 ani",OTC,R02AX01
STREPSILS INTENSIV 8.75 mg,FLURBIPROFEN,GRANULE,8.75mg,RECKITT BENCKISER HEALTHCARE INTERNATIONAL LIMITED - MAREA BRITANIE,"Cutie plianta de carton cu 10 plicuri
din PET/PE/Al/PE cu granule - 2 ani",OTC,R02AX01
STREPSILS INTENSIV 8.75 mg,FLURBIPROFEN,GRANULE,8.75mg,RECKITT BENCKISER HEALTHCARE INTERNATIONAL LIMITED - MAREA BRITANIE,"Cutie plianta de carton cu 11 plicuri
din PET/PE/Al/PE cu granule - 2 ani",OTC,R02AX01
STREPSILS INTENSIV 8.75 mg,FLURBIPROFEN,GRANULE,8.75mg,RECKITT BENCKISER HEALTHCARE INTERNATIONAL LIMITED - MAREA BRITANIE,"Cutie plianta de carton cu 12 plicuri
din PET/PE/Al/PE cu granule - 2 ani",OTC,R02AX01
STREPSILS INTENSIV 8.75 mg,FLURBIPROFEN,GRANULE,8.75mg,RECKITT BENCKISER HEALTHCARE INTERNATIONAL LIMITED - MAREA BRITANIE,"Cutie plianta de carton cu 13 plicuri
din PET/PE/Al/PE cu granule - 2 ani",OTC,R02AX01
STREPSILS INTENSIV 8.75 mg,FLURBIPROFEN,GRANULE,8.75mg,RECKITT BENCKISER HEALTHCARE INTERNATIONAL LIMITED - MAREA BRITANIE,"Cutie plianta de carton cu 14 plicuri
din PET/PE/Al/PE cu granule - 2 ani",OTC,R02AX01
STREPSILS INTENSIV 8.75 mg,FLURBIPROFEN,GRANULE,8.75mg,RECKITT BENCKISER HEALTHCARE INTERNATIONAL LIMITED - MAREA BRITANIE,"Cutie plianta de carton cu 15 plicuri
din PET/PE/Al/PE cu granule - 2 ani",OTC,R02AX01
STREPSILS INTENSIV 8.75 mg,FLURBIPROFEN,GRANULE,8.75mg,RECKITT BENCKISER HEALTHCARE INTERNATIONAL LIMITED - MAREA BRITANIE,"Cutie plianta de carton cu 16 plicuri
din PET/PE/Al/PE cu granule - 2 ani",OTC,R02AX01
STREPSILS INTENSIV 8.75 mg,FLURBIPROFEN,GRANULE,8.75mg,RECKITT BENCKISER HEALTHCARE INTERNATIONAL LIMITED - MAREA BRITANIE,"Cutie plianta de carton/PVC
transparent cu 1 plic din PET/PE/Al/PE cu granule - 2 ani",OTC,R02AX01
STREPSILS INTENSIV 8.75 mg,FLURBIPROFEN,GRANULE,8.75mg,RECKITT BENCKISER HEALTHCARE INTERNATIONAL LIMITED - MAREA BRITANIE,"Cutie plianta de carton/PVC transparent cu 2 plicuri din
PET/PE/Al/PE cu granule - 2 ani",OTC,R02AX01
STREPSILS INTENSIV 8.75 mg,FLURBIPROFEN,GRANULE,8.75mg,RECKITT BENCKISER HEALTHCARE INTERNATIONAL LIMITED - MAREA BRITANIE,Cutie plianta de carton/PVC,OTC,R02AX01
Denumirea comerciala,DCI,Forma,Conc,Firma / Tara detinatoare,Ambalaj,Pres.,ATC
Denumirea comerciala,DCI,Forma,Conc,Firma / Tara detinatoare,transparent cu 3 plicuri din PET/PE/Al/PE cu granule - 2 ani,,
Denumirea comerciala,DCI,Forma,Conc,Firma / Tara detinatoare,"Cutie plianta de carton/PVC transparent cu 4 plicuri din
PET/PE/Al/PE cu granule - 2 ani",OTC,R02AX01
Denumirea comerciala,DCI,Forma,Conc,Firma / Tara detinatoare,"Cutie plianta de carton/PVC transparent cu 5 plicuri din
PET/PE/Al/PE cu granule - 2 ani",OTC,R02AX01
Denumirea comerciala,DCI,Forma,Conc,Firma / Tara detinatoare,"Cutie plianta de carton/PVC transparent cu 6 plicuri din
PET/PE/Al/PE cu granule - 2 ani",OTC,R02AX01
Denumirea comerciala,DCI,Forma,Conc,Firma / Tara detinatoare,"Cutie plianta de carton/PVC transparent cu 7 plicuri din
PET/PE/Al/PE cu granule - 2 ani",OTC,R02AX01
Denumirea comerciala,DCI,Forma,Conc,Firma / Tara detinatoare,"Cutie plianta de carton/PVC
transparent cu 8 plicuri din PET/PE/Al/PE cu granule - 2 ani",OTC,R02AX01
Denumirea comerciala,DCI,Forma,Conc,Firma / Tara detinatoare,"Cutie plianta de carton/PVC
transparent cu 9 plicuri din PET/PE/Al/PE cu granule - 2 ani",OTC,R02AX01
Denumirea comerciala,DCI,Forma,Conc,Firma / Tara detinatoare,"Cutie plianta de carton/PVC
transparent cu 10 plicuri din PET/PE/Al/PE cu granule - 2 ani",OTC,R02AX01
Denumirea comerciala,DCI,Forma,Conc,Firma / Tara detinatoare,"Cutie plianta de carton/PVC transparent cu 11 plicuri din
PET/PE/Al/PE cu granule - 2 ani",OTC,R02AX01
Denumirea comerciala,DCI,Forma,Conc,Firma / Tara detinatoare,"Cutie plianta de carton/PVC transparent cu 12 plicuri din
PET/PE/Al/PE cu granule - 2 ani",OTC,R02AX01
Denumirea comerciala,DCI,Forma,Conc,Firma / Tara detinatoare,"Cutie plianta de carton/PVC transparent cu 13 plicuri din
PET/PE/Al/PE cu granule - 2 ani",OTC,R02AX01
Denumirea comerciala,DCI,Forma,Conc,Firma / Tara detinatoare,"Cutie plianta de carton/PVC transparent cu 14 plicuri din
PET/PE/Al/PE cu granule - 2 ani",OTC,R02AX01
Denumirea comerciala,DCI,Forma,Conc,Firma / Tara detinatoare,"Cutie plianta de carton/PVC transparent cu 15 plicuri din
PET/PE/Al/PE cu granule - 2 ani",OTC,R02AX01
Denumirea comerciala,DCI,Forma,Conc,Firma / Tara detinatoare,Cutie plianta de carton/PVC,OTC,R02AX01
Denumirea comerciala,DCI,Forma,Conc,Firma / Tara detinatoare,Ambalaj,Pres.,ATC
Denumirea comerciala,DCI,Forma,Conc,Firma / Tara detinatoare,transparent cu 16 plicuri din PET/PE/Al/PE cu granule - 2 ani,,
STREPSILS INTENSIV MIERE SI LAMAIE 8.75 mg,FLURBIPROFENUM,PASTILE,,RECKITT BENCKISER HEALTHCARE INTERNATIONAL LTD. - MAREA BRITANIE,Cutie cu 2 blist. Al/PVC-PVDC x 8 pastile - 3 ani,OTC,R07AXN1
STREPSILS INTENSIV MIERE SI LAMAIE 8.75 mg,FLURBIPROFENUM,PASTILE,,RECKITT BENCKISER HEALTHCARE INTERNATIONAL LTD. - MAREA BRITANIE,"Cutie cu 3 blist. Al/PVC-PVDC x 8
pastile - 3 ani",OTC,R07AXN1
STREPSILS LEMON FARA ZAHAR,COMBINATII,PASTILE,,RECKITT BENCKISER HEALTHCARE INTERNATIONAL LTD. - MAREA BRITANIE,Cutie cu 1 blist. PVC/PVDC/Al x 8 pastile - 3 ani,OTC,R02AA03
STREPSILS LEMON FARA ZAHAR,COMBINATII,PASTILE,,RECKITT BENCKISER HEALTHCARE INTERNATIONAL LTD. - MAREA BRITANIE,"Cutie cu 2 blist. PVC/PVDC/Al x 8
pastile - 3 ani",OTC,R02AA03
STREPSILS MENTA,COMBINATII,PASTILE,,RECKITT BENCKISER HEALTHCARE INTERNATIONAL LTD. - MAREA BRITANIE,Cutie cu 1 blist. PVDC-PVC/Al x 12 pastile - 3 ani,OTC,R02AA03
STREPSILS MENTA,COMBINATII,PASTILE,,RECKITT BENCKISER HEALTHCARE INTERNATIONAL LTD. - MAREA BRITANIE,"Cutie cu 2 blist. PVDC-PVC/Al x 12
pastile - 3 ani",OTC,R02AA03
STREPSILS MENTOL,COMBINATII,PASTILE,,RECKITT BENCKISER HEALTHCARE INTERNATIONAL LIMITED - MAREA BRITANIE,Cutie x 1 blist. PVDC-PVC/Al x 12 pastile - 3 ani,OTC,R02AA03
STREPSILS MENTOL,COMBINATII,PASTILE,,RECKITT BENCKISER HEALTHCARE INTERNATIONAL LIMITED - MAREA BRITANIE,"Cutie x 2 blist. PVDC-PVC/Al x 12
pastile - 3 ani",OTC,R02AA03
STREPSILS MENTOL,COMBINATII,PASTILE,,RECKITT BENCKISER HEALTHCARE INTERNATIONAL LIMITED - MAREA BRITANIE,"Cutie x 2 blist. PVDC-PVC/Al x 8
pastile - 3 ani",OTC,R02AA03
STREPSILS® ORANGE VITAMINA C,COMBINATII,PASTILE,,RECKITT BENCKISER HEALTHCARE INTERNATIONAL LTD. - MAREA BRITANIE,Cutie x 1 blist. PVC-PVDC/Al x 12 pastile - 3 ani,OTC,R02AA03
STREPSILS® ORANGE VITAMINA C,COMBINATII,PASTILE,,RECKITT BENCKISER HEALTHCARE INTERNATIONAL LTD. - MAREA BRITANIE,"Cutie x 2 blist. PVC-PVDC/Al x 12
pastile - 3 ani",OTC,R02AA03
STREPSILS® PLUS,COMBINATII,PASTILE,,RECKITT BENCKISER HEALTHCARE INTERNATIONAL LIMITED - MAREA BRITANIE,Cutie x 1 blist. PVC-PVDC/Al x 12 pastile - 3 ani,OTC,R02AA03
STREPSILS® PLUS,COMBINATII,PASTILE,,RECKITT BENCKISER HEALTHCARE INTERNATIONAL LIMITED - MAREA BRITANIE,"Cutie x 2 blist. PVC-PVDC/Al x 8
pastile - 3 ani",OTC,R02AA03
STREPSILS® PLUS,COMBINATII,PASTILE,,RECKITT BENCKISER HEALTHCARE INTERNATIONAL LIMITED - MAREA BRITANIE,"Cutie x 2 blist. PVC-PVDC/Al x 12
pastile - 3 ani",OTC,R02AA03
SUPOFEN 40 mg/ml,PARACETAMOLUM,SUSP. ORALA,40mg/ml,"LABORATORIOS BASI-INDUSTRIA FARMACEUTICA. S.A. -
PORTUGALIA","Cutie cu 1 flac. din sticla bruna a 85 ml susp. orala + 1 seringa de 5 ml pt.
administrare orala - 3 ani-dupa",OTC,N02BE01
Denumirea comerciala,DCI,Forma,Conc,Firma / Tara detinatoare,Ambalaj,Pres.,ATC
Denumirea comerciala,DCI,Forma,Conc,Firma / Tara detinatoare,"ambalarea dupa comercializare; dupa
prima deschidere-6 luni",,
SUPOZITOARE CU GLICERINA PT. ADULTI,GLYCEROLUM,SUPOZ.,2100mg,ANTIBIOTICE SA - ROMANIA,"Cutie x 2 folii termoformate Al/PVC x 6
supoz. - 3 ani",OTC,A06AX01
SUPOZITOARE CU GLICERINA PT. ADULTI,GLYCEROLUM,SUPOZ.,2100mg,ANTIBIOTICE SA - ROMANIA,"Cutie x 2 folii termoformate Al/PVC x 3
supoz. - 3 ani",OTC,A06AX01
SUPOZITOARE CU GLICERINA PT. COPII,GLYCEROLUM,SUPOZ.,1405mg,ANTIBIOTICE SA - ROMANIA,"Cutie x 2 folii termoformate Al/PVC x 6
supoz. - 3 ani",OTC,A06AX01
SUPOZITOARE CU GLICERINA PT. COPII,GLYCEROLUM,SUPOZ.,1405mg,ANTIBIOTICE SA - ROMANIA,"Cutie x 2 folii termoformate Al/PVC x 3
supoz. - 3 ani",OTC,A06AX01
SYMPHORAL 10 mg,LORATADINUM,COMPR.,10mg,"GEDEON RICHTER ROMANIA S.A.
- ROMANIA","Cutie cu 1 blist. PVC/Al x 10 compr. -
3 ani",OTC,R06AX13
TAFICEN 10 mg/g,TERBINAFINUM,CREMA,10mg/g,ANTIBIOTICE S.A. - ROMANIA,"Cutie x 1 tub din Al x 15 g crema - 3
ani",OTC,D01AE15
TANTUM GEL 5%,BENZYDAMINUM,GEL,5%,"CSC PHARMACEUTICALS
HANDELS GMBH - AUSTRIA",Cutie x 1 tub din Al x 50 g gel - 3 ani,OTC,M02AA05
TANTUM ROSA,BENZYDAMINUM,GRAN. PT. SOL. VAGINALA,500mg/plic,CSC PHARMACEUTICALS HANDELS GMBH - AUSTRIA,"Cutie x 10 plicuri dublu stratificate din
hartie/PP cu granule pulb. pt. sol. vaginala - 5 ani",OTC,G02CC03
TANTUM ROSA,BENZYDAMINUM,GRAN. PT. SOL. VAGINALA,500mg/plic,CSC PHARMACEUTICALS HANDELS GMBH - AUSTRIA,"Cutie x 5 plicuri dublu stratificate din
hartie/PP granule pulb. pt. sol. vaginala - 5 ani",OTC,G02CC03
TANTUM VERDE,BENZYDAMINUM,SOL. PT. GARGARISME,0.15%,CSC PHARMACEUTICALS HANDELS GMBH - AUSTRIA,"Cutie x 1 flacon din sticla x 120 ml sol. pt. gargarisme. inchis cu capac cu
sistem securizat pt copii - 4 ani",OTC,A01AD02
TANTUM VERDE,BENZYDAMINUM,SOL. PT. GARGARISME,0.15%,CSC PHARMACEUTICALS HANDELS GMBH - AUSTRIA,"Cutie x 1 flacon din sticla x 240 ml sol. pt. gargarisme. inchis cu capac cu
sistem securizat pt copii - 4 ani",OTC,A01AD02
TANTUM VERDE 0.15%,BENZYDAMINUM,SPRAY BUCOFARINGIAN,,CSC PHARMACEUTICALS HANDELS GMBH - AUSTRIA,"Cutie x 1 flac. din PEID x 30 ml spray nazal. prevazut cu pompa dozatoare
si aplicator bucal - 4 ani",OTC,A01AD02
TANTUM VERDE CU AROMA DE LAMAIE 3 mg,BENZYDAMINUM,PASTILE,3mg,CSC PHARMACEUTICALS HANDELS GMBH - AUSTRIA,"Cutie x 2 pachete din hartie laminata
cu Al x 10 pastile - 4 ani",OTC,A01AD02
TANTUM VERDE CU AROMA DE LAMAIE 3 mg,BENZYDAMINUM,PASTILE,3mg,CSC PHARMACEUTICALS HANDELS GMBH - AUSTRIA,"Cutie x 3 pachete din hartie laminata
cu Al x 10 pastile - 4 ani",OTC,A01AD02
TANTUM VERDE CU AROMA DE MENTA 3 mg,BENZYDAMINUM,PASTILE,,CSC PHARMACEUTICALS HANDELS GMBH - AUSTRIA,"Cutie x 2 pachete x 10 pastile ambalate individual in hartie parafinata
- 4 ani",OTC,A01AD02
TANTUM VERDE CU AROMA DE MENTA 3 mg,BENZYDAMINUM,PASTILE,,CSC PHARMACEUTICALS HANDELS GMBH - AUSTRIA,"Cutie x 3 pachete x 10 pastile
ambalate individual in hartie parafinata",OTC,A01AD02
Denumirea comerciala,DCI,Forma,Conc,Firma / Tara detinatoare,Ambalaj,Pres.,ATC
Denumirea comerciala,DCI,Forma,Conc,Firma / Tara detinatoare,- 4 ani,,
TANTUM VERDE CU GUST DE EUCALIPT 3 mg,BENZYDAMINUM,PASTILE,,CSC PHARMACEUTICALS HANDELS GMBH - AUSTRIA,"Cutie cu 2 pachete din hartie-PE-Al x 10 pastile ambalate individual in hartie
parafinata - 30 luni",OTC,A01AD02
TANTUM VERDE CU GUST DE PORTOCALA SI MIERE 3 mg,BENZYDAMINUM,PASTILE,,CSC PHARMACEUTICALS HANDELS GMBH - AUSTRIA,"Cutie cu 2 pachete din hartie-PE-Al x 10 pastile ambalate individual in hartie
parafinata - 30 luni",OTC,A01AD02
TANTUM VERDE FORTE spray 0.3%,BENZYDAMINUM,SPRAY BUCOFARINGIAN,0.30%,CSC PHARMACEUTICALS HANDELS GMBH - AUSTRIA,"Cutie x 1 flacon PE x 15 ml spary bucofaringian prevazut cu pompa
dozatoare + aplicator bucal - 4 ani",OTC,A01AD02
TAVEGYL,CLEMASTINUM,COMPR.,1mg,"NOVARTIS CONSUMER HEALTH
GMBH - GERMANIA","Cutie x 2 blist. PVC-PVD/Al x 10
compr. - 5 ani",OTC,R06AA04
TAVIPEC,PLANTE,CAPS. MOI GASTROREZ.,150mg,PHARMAZEUTISHCE FABRIK MONTAVIT GMBH - AUSTRIA,"Cutie x 3 blist. Al-PVC/PVDC x 10
caps. moi. gastrorez. - 30 luni",OTC,R07AXN2
TAVIPEC,PLANTE,CAPS. MOI GASTROREZ.,150mg,PHARMAZEUTISHCE FABRIK MONTAVIT GMBH - AUSTRIA,"Cutie x 10 blist. Al-PVC/PVDC x 10
caps. moi. gastrorez. - 30 luni",OTC,R07AXN2
TEARS NATURALE II,DIVERSE,PIC. OFT..SOL.,,ALCON COUVREUR NV - BELGIA,"Cutie x 1 flacon PEJD x 5 ml pic.
oft..sol. - 3 ani",OTC,S01XA20
TEARS NATURALE II,DIVERSE,PIC. OFT..SOL.,,ALCON COUVREUR NV - BELGIA,"Cutie x 1 flacon PEJD x 10 ml pic.
oft..sol. - 3 ani",OTC,S01XA20
TEARS NATURALE II,DIVERSE,PIC. OFT..SOL.,,ALCON COUVREUR NV - BELGIA,"Cutie x 1 flacon  PEJD x 15 ml pic.
oft..sol. - 3 ani",OTC,S01XA20
TEDOLFEN 200 mg/30 mg (vezi R01BA52),COMBINATII (IBUPROFENUM+PSEUDOEFED RINUM),COMPR. FILM.,200mg/30mg,"TEVA PHARMACEUTICALS  S.R.L.
- ROMANIA",Cutie cu blist. PP-COC-PP/Al x 12 compr. film. - 3 ani,OTC,R05X
TEDOLFEN 200 mg/30 mg (vezi R01BA52),COMBINATII (IBUPROFENUM+PSEUDOEFED RINUM),COMPR. FILM.,200mg/30mg,"TEVA PHARMACEUTICALS  S.R.L.
- ROMANIA","Cutie cu blist. PVC-PCTFE/Al x 12
compr. film. - 3 ani",OTC,R05X
TEDOLFEN 200 mg/30 mg (vezi R01BA52),COMBINATII (IBUPROFENUM+PSEUDOEFED RINUM),COMPR. FILM.,200mg/30mg,"TEVA PHARMACEUTICALS  S.R.L.
- ROMANIA","Cutie cu blist. PP-COC-PP/Al x 24
compr. film. - 3 ani",OTC,R05X
TEDOLFEN 200 mg/30 mg (vezi R01BA52),COMBINATII (IBUPROFENUM+PSEUDOEFED RINUM),COMPR. FILM.,200mg/30mg,"TEVA PHARMACEUTICALS  S.R.L.
- ROMANIA","Cutie cu blist. PVC-PCTFE/Al x 24
compr. film. - 3 ani",OTC,R05X
TEDOLFEN 200 mg/30 mg (vezi R05X),COMBINATII (IBUPROFENUM+PSEUDOEFED RINUM),COMPR. FILM.,,"TEVA PHARMACEUTICALS  S.R.L.
- ROMANIA",Cutie cu blist. PP-COC-PP/Al x 12 compr. film. - 3 ani,OTC,R01BA52
TEDOLFEN 200 mg/30 mg (vezi R05X),COMBINATII (IBUPROFENUM+PSEUDOEFED RINUM),COMPR. FILM.,,"TEVA PHARMACEUTICALS  S.R.L.
- ROMANIA","Cutie cu blist. PVC-PCTFE/Al x 12
compr. film. - 3 ani",OTC,R01BA52
TEDOLFEN 200 mg/30 mg (vezi R05X),COMBINATII (IBUPROFENUM+PSEUDOEFED RINUM),COMPR. FILM.,,"TEVA PHARMACEUTICALS  S.R.L.
- ROMANIA","Cutie cu blist. PP-COC-PP/Al x 24
compr. film. - 3 ani",OTC,R01BA52
TEDOLFEN 200 mg/30 mg (vezi R05X),COMBINATII (IBUPROFENUM+PSEUDOEFED RINUM),COMPR. FILM.,,"TEVA PHARMACEUTICALS  S.R.L.
- ROMANIA",Cutie cu blist. PVC-PCTFE/Al x 24,OTC,R01BA52
Denumirea comerciala,DCI,Forma,Conc,Firma / Tara detinatoare,Ambalaj,Pres.,ATC
Denumirea comerciala,DCI,Forma,Conc,Firma / Tara detinatoare,compr. film. - 3 ani,,
TERBINAFINA ACTAVIS 10mg/g,TERBINAFINUM,CREMA,10mg/g,ACTAVIS S.R.L. - ROMANIA,"Cutie x 1 tub din Al x 15 g crema - 3
ani",OTC,D01AE15
TERBINAFINA ACTAVIS 10mg/g,TERBINAFINUM,CREMA,10mg/g,ACTAVIS S.R.L. - ROMANIA,"Cutie x 1 tub din Al x 30 g crema - 3
ani",OTC,D01AE15
TERBINAFINA OZONE 10 mg/g,TERBINAFINUM,CREMA,,SLAVIA PHARM S.R.L. - ROMANIA,"Cutie cu 1 tub din Al x 20 g crema - 2
ani",OTC,D01AE15
"TERBINAFINA ROMPHARM 10.1
mg/ml",TERBINAFINUM,SPRAY CUTANAT. SOL.,10.1mg/ml,ROMPHARM COMPANY S.R.L. - ROMANIA,"Cutie cu 1 flac. PEID prevazut cu pompa de pulverizare si capac x 20 ml
sol. - 3 ani",OTC,D01AE15
TERBINAFINA SCHOLL 1%,TERBINAFINUM,CREMA,10mg/g,SCHOLL CONSUMER PRODUCTS Ltd. - MAREA BRITANIE,"Cutie cu tub din Al prevazut cu membrana de sigilare si capac din PEID X 7.5 g crema - 2 ani-dupa ambalarea pt. comercializare;dupa
prima deschidere-2saptamani",OTC,D01AE15
TERBINAFINA SCHOLL 1%,TERBINAFINUM,CREMA,10mg/g,SCHOLL CONSUMER PRODUCTS Ltd. - MAREA BRITANIE,"Cutie cu tub din Al prevazut cu membrana de sigilare si capac din PEID X 15 g crema - 2 ani-dupa ambalarea pt. comercializare;dupa
prima deschidere-2saptamani",OTC,D01AE15
TERBINAFINA SLAVIA 10 mg/g,TERBINAFINUM,CREMA,,SLAVIA PHARM SRL - ROMANIA,"Cutie x 1 tub din Al x 20 g crema - 3
ani",OTC,D07AE15
TERBISIL10 mg/g,TERBINAFINUM,CREMA,,"GEDEON RICHTER PLC. -
UNGARIA","Cutie cu 1 tub din Al x 15 g crema - 2
ani",OTC,D01AE15
TEZOLINE 0.5 mg/ml,XYLOMETAZOLINUM,SPRAY NAZ..SOL.,0.5mg/ml,"TEVA PHARMACEUTICALS  S.R.L.
- ROMANIA","Cutie cu 1 flac. din sticla bruna a 10 ml spray nazal. sol. cu pompa cu pulverizator din PP/PE/Stell. cu adaptor pt. nas si capac protector - 3 ani-dupa ambalarea pt. comercializare; dupa prima
deschidere-1 an",OTC,R01AA07
TEZOLINE 0.5 mg/ml,XYLOMETAZOLINUM,SPRAY NAZ..SOL.,0.5mg/ml,"TEVA PHARMACEUTICALS  S.R.L.
- ROMANIA","Cutie cu 2 flac. din sticla bruna a 10 ml spray nazal. sol. cu pompa cu pulverizator din PP/PE/Stell. cu adaptor pt. nas si capac protector - 3 ani-dupa ambalarea pt. comercializare; dupa prima
deschidere-1 an",OTC,R01AA07
Denumirea comerciala,DCI,Forma,Conc,Firma / Tara detinatoare,Ambalaj,Pres.,ATC
TEZOLINE 1 mg/ml,XYLOMETAZOLINUM,SPRAY NAZ..SOL.,1mg/ml,"TEVA PHARMACEUTICALS  S.R.L.
- ROMANIA","Cutie cu 1 flac. din sticla bruna a 10 ml spray nazal. sol. cu pompa cu pulverizator din PP/PE/Stell. cu adaptor pt. nas si capac protector - 3 ani-dupa ambalarea pt. comercializare; dupa prima
deschidere-1 an",OTC,R01AA07
TEZOLINE 1 mg/ml,XYLOMETAZOLINUM,SPRAY NAZ..SOL.,1mg/ml,"TEVA PHARMACEUTICALS  S.R.L.
- ROMANIA","Cutie cu 2 flac. din sticla bruna a 10 ml spray nazal. sol. cu pompa cu pulverizator din PP/PE/Stell. cu adaptor pt. nas si capac protector - 3 ani-dupa ambalarea pt. comercializare; dupa prima
deschidere-1 an",OTC,R01AA07
TEZOLINE 1 mg/ml,XYLOMETAZOLINUM,SPRAY NAZ..SOL.,1mg/ml,"TEVA PHARMACEUTICALS  S.R.L.
- ROMANIA","Cutie cu 1 flac. din sticla bruna a 15 ml spray nazal. sol. cu pompa cu pulverizator din PP/PE/Stell. cu adaptor pt. nas si capac protector - 3 ani-dupa ambalarea pt. comercializare; dupa prima
deschidere-1 an",OTC,R01AA07
THERAFLU EXTRA RACEALA SI GRIPA,COMBINATII,PULB. PT. SOL. ORALA,,NOVARTIS CONSUMER HEALTH GMBH - GERMANIA,"Cutie x 6 plicuri unidoza din
hartie/PET/PEJD/Al/PEJD x 14.888 g pulb. pt. sol. orala - 2 ani",OTC,N02BE51
THERAFLU EXTRA RACEALA SI GRIPA,COMBINATII,PULB. PT. SOL. ORALA,,NOVARTIS CONSUMER HEALTH GMBH - GERMANIA,"Cutie x 10 plicuri unidoza din hartie/PET/PEJD/Al/PEJD x 14.888 g
pulb. pt. sol. orala - 2 ani",OTC,N02BE51
THERAFLU EXTRA RACEALA SI GRIPA,COMBINATII,PULB. PT. SOL. ORALA,,NOVARTIS CONSUMER HEALTH GMBH - GERMANIA,"Cutie x 6 plicuri unidoza din
PET/PEJD/Al/PEJD x 14.888 g pulb. pt. sol. orala - 2 ani",OTC,N02BE51
THERAFLU EXTRA RACEALA SI GRIPA,COMBINATII,PULB. PT. SOL. ORALA,,NOVARTIS CONSUMER HEALTH GMBH - GERMANIA,"Cutie x 10 plicuri unidoza din
PET/PEJD/Al/PEJD x 14.888 g pulb. pt. sol. orala - 2 ani",OTC,N02BE51
THERAFLU SINUS RACEALA SI GRIPA,COMBINATII,PULB. PT. SOL. ORALA,,NOVARTIS CONSUMER HEALTH GMBH - GERMANIA,"Cutie x 6 plicuri unidoza din hartie
PET/PEJD/AL/PEJD x 14.875 g pulb. pt. sol. orala - 2 ani",OTC,N02BE51
THERAFLU SINUS RACEALA SI GRIPA,COMBINATII,PULB. PT. SOL. ORALA,,NOVARTIS CONSUMER HEALTH GMBH - GERMANIA,"Cutie x 10 plicuri unidoza din hartie
PET/PEJD/AL/PEJD x 14.875 g pulb. pt. sol. orala - 2 ani",OTC,N02BE51
THERAFLU SINUS RACEALA SI GRIPA,COMBINATII,PULB. PT. SOL. ORALA,,NOVARTIS CONSUMER HEALTH GMBH - GERMANIA,Cutie x 6 plicuri unidoza din,OTC,N02BE51
Denumirea comerciala,DCI,Forma,Conc,Firma / Tara detinatoare,Ambalaj,Pres.,ATC
Denumirea comerciala,DCI,Forma,Conc,Firma / Tara detinatoare,"PET/PEJD/AL/PEJD x 14.875 g pulb.
pt. sol. orala - 2 ani",,
Denumirea comerciala,DCI,Forma,Conc,Firma / Tara detinatoare,"Cutie x 10 plicuri unidoza din PET/PEJD/AL/PEJD x 14.875 g pulb.
pt. sol. orala - 2 ani",OTC,N02BE51
THROMBO ASS 100 mg,ACIDUM ACETYLSALICYLICUM,COMPR. GASTROREZ.,100mg,LANNACHER HEILMITTEL GES.M.B.H. - AUSTRIA,"Cutie x 3 blist. x 10 compr. film.
gastrorez. - 3 ani",OTC,B01AC06
THROMBO ASS 100 mg,ACIDUM ACETYLSALICYLICUM,COMPR. GASTROREZ.,100mg,LANNACHER HEILMITTEL GES.M.B.H. - AUSTRIA,"Cutie x 5 blist. x 20 compr. film.
gastrorez. - 3 ani",OTC,B01AC06
THROMBO ASS 50 mg,ACIDUM ACETYLSALICYLICUM,COMPR. FILM. GASTROREZ.,50mg,LANNACHER HEILMITTEL GES.M.B.H. - AUSTRIA,"Cutie x 3 blist. din PVC-PVDC/Al x 10
compr. film. gastrorez. - 3 ani",OTC,B01AC06
THROMBO ASS 50 mg,ACIDUM ACETYLSALICYLICUM,COMPR. FILM. GASTROREZ.,50mg,LANNACHER HEILMITTEL GES.M.B.H. - AUSTRIA,"Cutie x 5 blist. din PVC-PVDC/Al  x 20
compr. film. gastrorez. - 3 ani",OTC,B01AC06
THROMBO ASS 75 mg,ACIDUM ACETYLSALICYLICUM,COMPR. FILM. GASTROREZ.,75mg,LANNACHER HEILMITTEL GES.M.B.H. - AUSTRIA,"Cutie x  3 blist. din PVC/Al x 10
compr. film. - 2 ani",OTC,B01AC06
THROMBO ASS 75 mg,ACIDUM ACETYLSALICYLICUM,COMPR. FILM. GASTROREZ.,75mg,LANNACHER HEILMITTEL GES.M.B.H. - AUSTRIA,"Cutie x  10 blist. din PVC/Al x 10
compr. film. - 2 ani",OTC,B01AC06
TINCTURA DE PROPOLIS,PROPOLIS,TINCTURA,30%,"INST. CERTCET. - DEZV.  PT.
APICULTURA - ROMANIA","Cutie x 1 flac. PEID x 30 ml tinctura - 2
ani",OTC,XNAP1
TONOTIL N,COMBINATII,PULB. + SOL. PT. SOL. ORALA,,VIANEX SA - GRECIA,"Cutie x 10 flac. x 10 ml sol. orala.
prevazute cu dop lacas pt. 170 mg pulb. - 2 ani",OTC,A13AN01
TONSILOTREN,HOMEOPATE,COMPR.,,"DEUTCHE HOMOOPATHIE UNION
- GERMANIA",Cutie x 3 blist. x 20 compr. - 5 ani,OTC,XRNIT
TRACHISAN®,COMBINATII,"COMPR. DE
SUPT",,"ENGELHARD ARZNEIMITTEL
GMBH & CO. KG. - GERMANIA","Cutie x 2 blist. PVC/Al x 10 compr. de
supt - 5 ani",OTC,R02AA05
TRAUMEL S,HOMEOPATE,COMPR.,,BIOLOGISCHE HEILMITTEL HEEL GMBH - GERMANIA,"Cutie cu 1 flac. din PP x 50 compr. - 5 ani-dupa ambalarea pentru comercializare;dupa prima deschidere
- 1 an",OTC,V03AX
TRAUMEL S,HOMEOPATE,COMPR.,,BIOLOGISCHE HEILMITTEL HEEL GMBH - GERMANIA,"Cutie cu 1 flac. din PP x 250 compr. - 5 ani-dupa ambalarea pentru comercializare;dupa prima deschidere
- 1 an",OTC,V03AX
TRAUMEL S,HOMEOPATE,UNGUENT,,BIOLOGISCHE HEILMITTEL HEEL GMBH - GERMANIA,"Cutie cu un tub din Al cu capacitatea de 50 g unguent cu capac din PP prevazut cu un sistem de penetrare. la nivelul filetului exista o membrana din PE - 3 ani-dupa ambalarea pentru
comercializare;dupa prima deschidere",OTC,V03AX
Denumirea comerciala,DCI,Forma,Conc,Firma / Tara detinatoare,Ambalaj,Pres.,ATC
Denumirea comerciala,DCI,Forma,Conc,Firma / Tara detinatoare,- 1 an,,
Denumirea comerciala,DCI,Forma,Conc,Firma / Tara detinatoare,"Cutie cu un tub din Al cu capacitatea de 100 g unguent cu capac din PP prevazut cu un sistem de penetrare. la nivelul filetului exista o membrana din PE - 3 ani-dupa ambalarea pentru comercializare;dupa prima deschidere
- 1 an",OTC,V03AX
TRIFERMENT 275 mg,PANCREATINUM,COMPR. GASTROREZ.,275mg,BIOFARM SA - ROMANIA,"Cutie cu 1 blist. PVC/Al x 10 compr.
film. gastrorez. - 3 ani",OTC,A09AA02
TRIFERMENT 275 mg,PANCREATINUM,COMPR. GASTROREZ.,275mg,BIOFARM SA - ROMANIA,"Cutie cu 3 blist. PVC/Al x 10 compr.
film. gastrorez. - 3 ani",OTC,A09AA02
TROMALYT 150 mg,ACIDUM ACETYLSALICYLICUM,"CAPS. ELIB.
PREL.",150mg,MADAUS GMBH - AUSTRIA,"Cutie cu 2 blist. PVC/Al x 14 caps.
elib. prel. - 3 ani",OTC,B01AC06
TROXERUTIN,TROXERUTINUM,GEL,2%,CHIRMIS FARMIMPEX - ROMANIA,Cute x 1 tub x 50 g - 2 ani,OTC,C05CA04
TROXERUTIN MK,TROXERUTINUM,GEL,,FITERMAN PHARMA S.R.L. - ROMANIA,Cutie x 1 tub Al x 25 g gel - 3 ani,OTC,C05CA04
TROXERUTIN MK,TROXERUTINUM,GEL,,FITERMAN PHARMA S.R.L. - ROMANIA,Cutie x 1 tub Al x 45 g gel - 3 ani,OTC,C05CA04
TROXEVASIN,TROXERUTINUM,CAPS.,300mg,"BALKANPHARMA  RAZGRAD AD -
BULGARIA","Cutie x 5 blist.  Al/PVC x 10 caps. - 5
ani",OTC,C05CA04
TROXEVASIN,TROXERUTINUM,GEL,20mg/g,BALKAN PHARMA TROYAN AD - BULGARIA,Cutie x 1 tub Al x 40 g gel - 5 ani,OTC,C05CA04
TROXEVASIN,TROXERUTINUM,GEL,20mg/g,BALKAN PHARMA TROYAN AD - BULGARIA,"Cutie cu 1 tub de Al laminat x 40 g gel
- 5 ani",OTC,C05CA04
TROXEVASIN,TROXERUTINUM,GEL,20mg/g,BALKAN PHARMA TROYAN AD - BULGARIA,"Cutie cu 1 tub de Al laminat x 100 g
gel - 5 ani",OTC,C05CA04
TROXSAL 20mg/g,TROXERUTINUM,GEL,,SLAVIA PHARM SRL - ROMANIA,Cutie x 1 tub din Al x 45 g gel - 3 ani,OTC,C05CA04
TUSOCALM 7.5mg/120mg,COMBINATII,COMPR.,7.5mg/120mg,ARENA GROUP SA - ROMANIA,"Cutie x 2 blist. Al/PVC x 10 compr. - 2
ani",OTC,R05DA20
UPSAVIT VITAMIN C,ACIDUM ASCORBICUM,COMPR. EFF.,1g,"BRISTOL-MYERS SQUIBB KFT. -
UNGARIA","Cutie cu 1 tub PP x 10 compr. eff. - 2
ani",OTC,A11GA01
URICOL,COMBINATII,GRANULE EFF.,,"PHARCO IMPEX 93 S.R.L. -
ROMANIA","Cutie x 6 plicuri din hartie-Al-PE x 5 g
granule eff. - 2 ani",OTC,G04BDN2
URINEX,COMBINATII,"CAPS. MOI
GASTROREZ.",,"PHARCO IMPEX 93 S.R.L. -
ROMANIA","Cutie x 2 blist. Al/PVC x 12 caps. moi
gastrorez. - 3 ani",OTC,G04BDN1
USCOSIN® 10 mg,BUTYLSCOPOLAMMONII BROMIDUM,SUPOZ.,10mg,SINTOFARM SA - ROMANIA,"Cutie x 2 folii termosudate din PVC/PE
x 3 supoz. - 2 ani",OTC,A03BB01
USCOSIN® 10 mg,BUTYLSCOPOLAMMONII BROMIDUM,SUPOZ.,10mg,SINTOFARM SA - ROMANIA,"Cutie x 2 folii termosudate din PVC/PE
x 5 supoz. - 2 ani",OTC,A03BB01
VAGOSTABYL (vezi C01EBN1),COMBINATII,DRAJ.,,BIOCODEX - FRANTA,Cutie cu 1 tub PP x 40 draj. - 2 ani,OTC,N07XXN3
Denumirea comerciala,DCI,Forma,Conc,Firma / Tara detinatoare,Ambalaj,Pres.,ATC
VAGOSTABYL (vezi N07XXN3),COMBINATII,DRAJ.,,BIOCODEX - FRANTA,Cutie cu 1 tub PP x 40 draj. - 2 ani,OTC,C01EBN1
VALBEN 112.5mg/125 mg/80 mg,PLANTE,DRAJ.,112.5mg/125m g/80mg,WALMARK.  A.S. - REPUBLICA CEHA,"Cutie cu 2 blist. PVC-PVDC/Al x 10
draj. - 5 ani",OTC,N05CXN4
VALBEN 112.5mg/125 mg/80 mg,PLANTE,DRAJ.,112.5mg/125m g/80mg,WALMARK.  A.S. - REPUBLICA CEHA,"Cutie cu 3 blist. PVC-PVDC/Al x 10
draj. - 5 ani",OTC,N05CXN4
VALBEN 112.5mg/125 mg/80 mg,PLANTE,DRAJ.,112.5mg/125m g/80mg,WALMARK.  A.S. - REPUBLICA CEHA,"Cutie cu 5 blist. PVC-PVDC/Al x 10
draj. - 5 ani",OTC,N05CXN4
VALBEN 112.5mg/125 mg/80 mg,PLANTE,DRAJ.,112.5mg/125m g/80mg,WALMARK.  A.S. - REPUBLICA CEHA,"Cutie cu 6 blist. PVC-PVDC/Al x 10
draj. - 5 ani",OTC,N05CXN4
VALBEN 112.5mg/125 mg/80 mg,PLANTE,DRAJ.,112.5mg/125m g/80mg,WALMARK.  A.S. - REPUBLICA CEHA,"Cutie cu 10 blist. PVC-PVDC/Al x 10
draj. - 5 ani",OTC,N05CXN4
VASOPIRIN 100 mg,ACIDUM ACETYLSALICYLICUM,COMPR. GASTROREZ.,100mg,ICN POLFA RZESZOW S.A. - POLONIA,"Cutie cu blist. PVC/Al x 10 compr.
gastrorez. - 2 ani",OTC,B01AC06
VASOPIRIN 100 mg,ACIDUM ACETYLSALICYLICUM,COMPR. GASTROREZ.,100mg,ICN POLFA RZESZOW S.A. - POLONIA,"Cutie cu blist. PVC/Al x 20 compr.
gastrorez. - 2 ani",OTC,B01AC06
VASOPIRIN 100 mg,ACIDUM ACETYLSALICYLICUM,COMPR. GASTROREZ.,100mg,ICN POLFA RZESZOW S.A. - POLONIA,"Cutie cu blist. PVC/Al x 28 compr.
gastrorez. - 2 ani",OTC,B01AC06
VASOPIRIN 100 mg,ACIDUM ACETYLSALICYLICUM,COMPR. GASTROREZ.,100mg,ICN POLFA RZESZOW S.A. - POLONIA,"Cutie cu blist. PVC/Al x 30 compr.
gastrorez. - 2 ani",OTC,B01AC06
VASOPIRIN 100 mg,ACIDUM ACETYLSALICYLICUM,COMPR. GASTROREZ.,100mg,ICN POLFA RZESZOW S.A. - POLONIA,"Cutie cu blist. PVC/Al x 50 compr.
gastrorez. - 2 ani",OTC,B01AC06
VASOPIRIN 100 mg,ACIDUM ACETYLSALICYLICUM,COMPR. GASTROREZ.,100mg,ICN POLFA RZESZOW S.A. - POLONIA,"Cutie cu blist. PVC/Al x 56 compr.
gastrorez. - 2 ani",OTC,B01AC06
VASOPIRIN 100 mg,ACIDUM ACETYLSALICYLICUM,COMPR. GASTROREZ.,100mg,ICN POLFA RZESZOW S.A. - POLONIA,"Cutie cu blist. PVC/Al x 60 compr.
gastrorez. - 2 ani",OTC,B01AC06
VASOPIRIN 100 mg,ACIDUM ACETYLSALICYLICUM,COMPR. GASTROREZ.,100mg,ICN POLFA RZESZOW S.A. - POLONIA,"Cutie cu blist. PVC/Al x 90 compr.
gastrorez. - 2 ani",OTC,B01AC06
VASOPIRIN 100 mg,ACIDUM ACETYLSALICYLICUM,COMPR. GASTROREZ.,100mg,ICN POLFA RZESZOW S.A. - POLONIA,"Cutie cu blist. PVC/Al x 100 compr.
gastrorez. - 2 ani",OTC,B01AC06
VASOPIRIN 100 mg,ACIDUM ACETYLSALICYLICUM,COMPR. GASTROREZ.,100mg,ICN POLFA RZESZOW S.A. - POLONIA,"Cutie cu 1 flac. PEID x 10 compr. - 2
ani",OTC,B01AC06
VASOPIRIN 100 mg,ACIDUM ACETYLSALICYLICUM,COMPR. GASTROREZ.,100mg,ICN POLFA RZESZOW S.A. - POLONIA,"Cutie cu 1 flac. PEID x 30 compr. - 2
ani",OTC,B01AC06
VASOPIRIN 100 mg,ACIDUM ACETYLSALICYLICUM,COMPR. GASTROREZ.,100mg,ICN POLFA RZESZOW S.A. - POLONIA,"Cutie cu 1 flac. PEID x 50 compr. - 2
ani",OTC,B01AC06
VASOPIRIN 100 mg,ACIDUM ACETYLSALICYLICUM,COMPR. GASTROREZ.,100mg,ICN POLFA RZESZOW S.A. - POLONIA,"Cutie cu 1 flac. PEID x 100 compr. - 2
ani",OTC,B01AC06
VASOPIRIN 100 mg,ACIDUM ACETYLSALICYLICUM,COMPR. GASTROREZ.,100mg,ICN POLFA RZESZOW S.A. - POLONIA,"Cutie cu 1 flac. PEID x 500 compr. - 2
ani",OTC,B01AC06
VASOPIRIN 100 mg,ACIDUM ACETYLSALICYLICUM,COMPR. GASTROREZ.,100mg,ICN POLFA RZESZOW S.A. - POLONIA,Cutie cu 1 flac. PEJD x 10 compr. - 2,OTC,B01AC06
Denumirea comerciala,DCI,Forma,Conc,Firma / Tara detinatoare,Ambalaj,Pres.,ATC
Denumirea comerciala,DCI,Forma,Conc,Firma / Tara detinatoare,ani,,
Denumirea comerciala,DCI,Forma,Conc,Firma / Tara detinatoare,"Cutie cu 1 flac. PEJD x 30 compr. - 2
ani",OTC,B01AC06
Denumirea comerciala,DCI,Forma,Conc,Firma / Tara detinatoare,"Cutie cu 1 flac. PEJD x 50 compr. - 2
ani",OTC,B01AC06
Denumirea comerciala,DCI,Forma,Conc,Firma / Tara detinatoare,"Cutie cu 1 flac. PEJD x 100 compr. - 2
ani",OTC,B01AC06
Denumirea comerciala,DCI,Forma,Conc,Firma / Tara detinatoare,"Cutie cu 1 flac. PEJD x 500 compr. - 2
ani",OTC,B01AC06
VASOPIRIN 75 mg,ACIDUM ACETYLSALICYLICUM,COMPR. GASTROREZ.,75mg,ICN POLFA RZESZOW S.A. - POLONIA,"Cutie cu blist. PVC/Al x 10 compr.
gastrorez. - 2 ani",OTC,B01AC06
VASOPIRIN 75 mg,ACIDUM ACETYLSALICYLICUM,COMPR. GASTROREZ.,75mg,ICN POLFA RZESZOW S.A. - POLONIA,"Cutie cu blist. PVC/Al x 20 compr.
gastrorez. - 2 ani",OTC,B01AC06
VASOPIRIN 75 mg,ACIDUM ACETYLSALICYLICUM,COMPR. GASTROREZ.,75mg,ICN POLFA RZESZOW S.A. - POLONIA,"Cutie cu blist. PVC/Al x 28 compr.
gastrorez. - 2 ani",OTC,B01AC06
VASOPIRIN 75 mg,ACIDUM ACETYLSALICYLICUM,COMPR. GASTROREZ.,75mg,ICN POLFA RZESZOW S.A. - POLONIA,"Cutie cu blist. PVC/Al x 30 compr.
gastrorez. - 2 ani",OTC,B01AC06
VASOPIRIN 75 mg,ACIDUM ACETYLSALICYLICUM,COMPR. GASTROREZ.,75mg,ICN POLFA RZESZOW S.A. - POLONIA,"Cutie cu blist. PVC/Al x 50 compr.
gastrorez. - 2 ani",OTC,B01AC06
VASOPIRIN 75 mg,ACIDUM ACETYLSALICYLICUM,COMPR. GASTROREZ.,75mg,ICN POLFA RZESZOW S.A. - POLONIA,"Cutie cu blist. PVC/Al x 56 compr.
gastrorez. - 2 ani",OTC,B01AC06
VASOPIRIN 75 mg,ACIDUM ACETYLSALICYLICUM,COMPR. GASTROREZ.,75mg,ICN POLFA RZESZOW S.A. - POLONIA,"Cutie cu blist. PVC/Al x 60 compr.
gastrorez. - 2 ani",OTC,B01AC06
VASOPIRIN 75 mg,ACIDUM ACETYLSALICYLICUM,COMPR. GASTROREZ.,75mg,ICN POLFA RZESZOW S.A. - POLONIA,"Cutie cu blist. PVC/Al x 90 compr.
gastrorez. - 2 ani",OTC,B01AC06
VASOPIRIN 75 mg,ACIDUM ACETYLSALICYLICUM,COMPR. GASTROREZ.,75mg,ICN POLFA RZESZOW S.A. - POLONIA,"Cutie cu blist. PVC/Al x 100 compr.
gastrorez. - 2 ani",OTC,B01AC06
VASOPIRIN 75 mg,ACIDUM ACETYLSALICYLICUM,COMPR. GASTROREZ.,75mg,ICN POLFA RZESZOW S.A. - POLONIA,"Cutie cu 1 flac. PEID x 10 compr. - 2
ani",OTC,B01AC06
VASOPIRIN 75 mg,ACIDUM ACETYLSALICYLICUM,COMPR. GASTROREZ.,75mg,ICN POLFA RZESZOW S.A. - POLONIA,"Cutie cu 1 flac. PEID x 30 compr. - 2
ani",OTC,B01AC06
VASOPIRIN 75 mg,ACIDUM ACETYLSALICYLICUM,COMPR. GASTROREZ.,75mg,ICN POLFA RZESZOW S.A. - POLONIA,"Cutie cu 1 flac. PEID x 50 compr. - 2
ani",OTC,B01AC06
VASOPIRIN 75 mg,ACIDUM ACETYLSALICYLICUM,COMPR. GASTROREZ.,75mg,ICN POLFA RZESZOW S.A. - POLONIA,"Cutie cu 1 flac. PEID x 100 compr. - 2
ani",OTC,B01AC06
VASOPIRIN 75 mg,ACIDUM ACETYLSALICYLICUM,COMPR. GASTROREZ.,75mg,ICN POLFA RZESZOW S.A. - POLONIA,"Cutie cu 1 flac. PEID x 500 compr. - 2
ani",OTC,B01AC06
VASOPIRIN 75 mg,ACIDUM ACETYLSALICYLICUM,COMPR. GASTROREZ.,75mg,ICN POLFA RZESZOW S.A. - POLONIA,"Cutie cu 1 flac. PEJD x 10 compr. - 2
ani",OTC,B01AC06
Denumirea comerciala,DCI,Forma,Conc,Firma / Tara detinatoare,Ambalaj,Pres.,ATC
Denumirea comerciala,DCI,Forma,Conc,Firma / Tara detinatoare,"Cutie cu 1 flac. PEJD x 30 compr. - 2
ani",OTC,B01AC06
Denumirea comerciala,DCI,Forma,Conc,Firma / Tara detinatoare,"Cutie cu 1 flac. PEJD x 50 compr. - 2
ani",OTC,B01AC06
Denumirea comerciala,DCI,Forma,Conc,Firma / Tara detinatoare,"Cutie cu 1 flac. PEJD x 100 compr. - 2
ani",OTC,B01AC06
Denumirea comerciala,DCI,Forma,Conc,Firma / Tara detinatoare,"Cutie cu 1 flac. PEJD x 500 compr. - 2
ani",OTC,B01AC06
VENASTAT 50 mg,COMBINATII,CAPS. ELIB. PREL.,50mg,BOEHRINGER INGELHEIM INTERNATIONAL GMBH - GERMANIA,"Cutie cu 3 blist. formate din film transparent PVC-PVDC si folie din Al
x 10 caps. elib. prel. - 3 ani",OTC,C05CXN1
VENASTAT 50 mg,COMBINATII,CAPS. ELIB. PREL.,50mg,BOEHRINGER INGELHEIM INTERNATIONAL GMBH - GERMANIA,"Cutie cu 6 blist. formate din film
transparent PVC-PVDC si folie din Al x 10 caps. elib. prel. - 3 ani",OTC,C05CXN1
VENORUTON 1000 mg,TROXERUTINUM,COMPR. EFF.,1000mg,"NOVARTIS CONSUMER HEALTH
GMBH - GERMANIA","Cutie x 2 tuburi din PP x 15 compr. eff.
- 3 ani",OTC,C05CA04
VENORUTON 20mg/g,TROXERUTINUM,GEL,20mg/g,NOVARTIS CONSUMER HEALTH GMBH - GERMANIA,Cutie x 1 tub Al x 40 g - 5 ani,OTC,C05CA04
VENORUTON 20mg/g,TROXERUTINUM,GEL,20mg/g,NOVARTIS CONSUMER HEALTH GMBH - GERMANIA,Cutie x 1 tub Al x 100 g - 5 ani,OTC,C05CA04
VENORUTON 300 mg,TROXERUTINUM,CAPS.,300mg,NOVARTIS CONSUMER HEALTH GMBH - GERMANIA,"Cutie x 5 blist. Al/PVC x 10 caps. - 5
ani",OTC,C05CA04
VENORUTON 300 mg,TROXERUTINUM,CAPS.,300mg,NOVARTIS CONSUMER HEALTH GMBH - GERMANIA,"Cutie x 5 blist. Al/PVC-PE-PVDC x 10
caps. - 5 ani",OTC,C05CA04
VETRATE 41.2 mg/ml,SIMETHICONUM,PIC. ORALE. SUSP.,41.2mg/ml,G.L. PHARMA GMBH - AUSTRIA,"Cutie cu 1 flac. din sticla bruna a 50 ml susp. orala + pompa dozatoare din PE - 3 ani-dupa ambalarea pt. comercializare; dupa prima
deschidere-6 luni",OTC,A03AX13
VETRATE 41.2 mg/ml,SIMETHICONUM,PIC. ORALE. SUSP.,41.2mg/ml,G.L. PHARMA GMBH - AUSTRIA,"Cutie cu 1 flac. din sticla bruna a 100 ml susp. orala + pompa dozatoare din PE - 3 ani-dupa ambalarea pt. comercializare; dupa prima
deschidere-6 luni",OTC,A03AX13
VETRATE 42 mg,SIMETHICONUM,COMPR. MAST.,42mg,G.L. PHARMA GMBH - AUSTRIA,"Cutie cu 3 blist. PVC/Al x 10 compr.
mast. - 5 ani",OTC,A03AX13
VETRATE 42 mg,SIMETHICONUM,COMPR. MAST.,42mg,G.L. PHARMA GMBH - AUSTRIA,"Cutie cu 5 blist. PVC/Al x 10 compr.
mast. - 5 ani",OTC,A03AX13
VETRATE 42 mg,SIMETHICONUM,COMPR. MAST.,42mg,G.L. PHARMA GMBH - AUSTRIA,"Cutie cu 1 flac. din PP x 300 compr. mast. - 3 ani;dupa prima deschidere a
flac.-52 saptamani",OTC,A03AX13
Denumirea comerciala,DCI,Forma,Conc,Firma / Tara detinatoare,Ambalaj,Pres.,ATC
VI - SOL CALCIUM,COMBINATII,SIROP,,FELSIN FARM S.R.L. - ROMANIA,"Cutie x 1 flacon x 120 ml sirop +
masura dozatoare gradata - 3 ani",OTC,A11JBN1
VIATROMB 2400 U.I./g,HEPARINUM,SPRAY CUTANAT EMULSIE,2400U.I./g,CYATHUS EXQUIRERE PHARMAFORSCHUNGS GMBH - AUSTRIA,"Cutie cu 1 flac. de 30 ml din sticla. prevazut cu pompa pulverizatoare si capac protector x 25 g spray cutanat. emulsie - 3 ani-dupa ambalarea pt. comercializare; dupa prima
deschidere a flac.-6 luni",OTC,C05BA03
VIATROMB 2400 U.I./g,HEPARINUM,SPRAY CUTANAT EMULSIE,2400U.I./g,CYATHUS EXQUIRERE PHARMAFORSCHUNGS GMBH - AUSTRIA,"Cutie cu 1 flac. de 15 ml din sticla. prevazut cu pompa pulverizatoare si capac protector x 11.5 g spray cutanat. emulsie - 3 ani-dupa ambalarea pt. comercializare; dupa
prima deschidere a flac.-6 luni",OTC,C05BA03
"VIBROCIL DUO 0.5
mg/ml+0.6mg/ml",XYLOMETAZOLINUM+IPRATRO PIU,SPRAY NAZAL. SOL.,0.5mg/ml+0.6m g/ml,NOVARTIS CONSUMER HEALTH GMBH - GERMANIA,"Cutie cu 1 flac. multidoza PEID x 10ml spray nazal. solutie + pompa
dozatoare - 3 ani",OTC,R01AB06
VIBROCIL GEL NAZAL,COMBINATII,GEL NAZAL,,"NOVARTIS CONSUMER HEALTH
GMBH - GERMANIA","Cutie x 1 tub Al x 12 g gel + canula
nazala PE + capac PE - 3 ani",OTC,R01AB01
VIBROCIL PICATURI NAZALE,COMBINATII,"PICATURI
NAZALE-SOL.",,"NOVARTIS CONSUMER HEALTH
GMBH - GERMANIA","Cutie x 1 flacon x 15 ml sol. nazala +
capac PP + pipeta PP - 3 ani",OTC,R01AB01
VIBROCIL SPRAY NAZAL,COMBINATII,SPRAY NAZ. - SOL.,,NOVARTIS CONSUMER HEALTH GMBH - GERMANIA,"Cutie x 1 flacon pulverizator pejd x
10ml spary nazal + aplicator nazal + capac PE - 2 ani",OTC,R01AB01
VICKS EXPECTORANT MIERE&GHIMBIR 200 mg/15 ml,GUAIFENESINUM,SIROP,200mg/15ml,"TEVA PHARMACEUTICALS S.R.L.
- ROMANIA","Cutie cu 1 flac. din sticla bruna cu capac din PP x 120 ml sirop + masura dozatoare marcata la 5 ml. 10 ml. 22.5 ml - 3 ani-dupa prima deschidere a
flac.-3 luni",OTC,R05CA03
VICKS EXPECTORANT MIERE&GHIMBIR 200 mg/15 ml,GUAIFENESINUM,SIROP,200mg/15ml,"TEVA PHARMACEUTICALS S.R.L.
- ROMANIA","Cutie cu 1 flac. din sticla bruna cu capac din PP x 180 ml sirop + masura dozatoare marcata la 5 ml. 10 ml. 22.5 ml - 3 ani-dupa prima deschidere a
flac.-3 luni",OTC,R05CA03
VIDISIC,DIVERSE,GEL OFT.,0.20%,"DR. GERHARD MANN
CHEM-PHARM. FABRIK GMBH - GERMANIA",Cutie x 1 tub din Al + aplicator din PEID x 10 g gel oft. - 3 ani,OTC,S01XA20
VIKLAREN 10 mg/g,DICLOFENACUM,GEL,10mg/g,ICN POLFA RZESZOW S.A. - POLONIA,"Cutie cu 1 tub din Al a 40 g gel - 1 an-dupa ambalarea pt.
comercializare;dupa prima",OTC,M02AA15
Denumirea comerciala,DCI,Forma,Conc,Firma / Tara detinatoare,Ambalaj,Pres.,ATC
Denumirea comerciala,DCI,Forma,Conc,Firma / Tara detinatoare,deschidere-6 luni,,
Denumirea comerciala,DCI,Forma,Conc,Firma / Tara detinatoare,"Cutie cu 1 tub din Al a 50 g gel - 1 an-dupa ambalarea pt. comercializare;dupa prima
deschidere-6 luni",OTC,M02AA15
Denumirea comerciala,DCI,Forma,Conc,Firma / Tara detinatoare,"Cutie cu 1 tub din Al a 60 g gel - 1 an-dupa ambalarea pt. comercializare;dupa prima
deschidere-6 luni",OTC,M02AA15
Denumirea comerciala,DCI,Forma,Conc,Firma / Tara detinatoare,"Cutie cu 1 tub din Al a 100 g gel - 1 an-dupa ambalarea pt. comercializare;dupa prima
deschidere-6 luni",OTC,M02AA15
VISINE CLASSIC 0.5 mg/ml,TETRYZOLINUM,PICATURI OFT.. SOL.,0.5mg/ml,MCNEIL PRODUCTS LIMITED C/O JOHNSON & JOHNSON - MAREA BRITANIE,"Cutie cu 1 flac. x 15 ml pic. oft.. sol - 3 ani- dupa ambalarea pt. comercializare; dupa prima
deschidere-4 saptamani",OTC,S01GA02
VITAMINA B COMPLEX EIPICO,COMBINATII,SIROP,,E.I.P.I.CO. MED S.R.L. - ROMANIA,"Cutie x 1 flacon din sticla bruna x 125
ml sirop + masura dozatoare gradata la 5 ml si 10 ml - 2 ani",OTC,A11EAN1
VITAMINA E,TOCOFEROLUM,CAPS. MOI,100mg,BIOFARM SA - ROMANIA,"Cutie x 3 blist. Al/PVC x 10 caps. moi -
3 ani",OTC,A11HA03
VITAMINA E,TOCOFEROLUM,CAPS. MOI,100mg,BIOFARM SA - ROMANIA,"Cutie x 1 blist. Al/PVC x 10 caps. moi -
3 ani",OTC,A11HA03
VITAMINA E 100 mg,TOCOFEROLUM,CAPS. MOI,,"PHARCO IMPEX 93 S.R.L. -
ROMANIA","Cutie x 2 blist. Al/PVC x 12 caps. moi -
3 ani",OTC,A11HA03
VIZOPTIN 0.5 mg/ml,TETRYZOLINUM,PIC. OFT.. SOL,0.5mg/ml,"ROMPHARM COMPANY SRL -
ROMANIA","Cutie x 1 flac. PEJD x 15 ml pic. oft..
sol. - 2 ani",OTC,S01GA02
VOLTAREN  EMULGEL11.6 mg/g,DICLOFENACUM,GEL,11.6 mg/g,NOVARTIS CONSUMER HEALTH GMBH - GERMANIA,Cutie x 1 tub din Al x 20 g gel - 3 ani,OTC,M02AA15
VOLTAREN  EMULGEL11.6 mg/g,DICLOFENACUM,GEL,11.6 mg/g,NOVARTIS CONSUMER HEALTH GMBH - GERMANIA,Cutie x 1 tub din Al x 50 g gel - 3 ani,OTC,M02AA15
VOLTAREN  EMULGEL11.6 mg/g,DICLOFENACUM,GEL,11.6 mg/g,NOVARTIS CONSUMER HEALTH GMBH - GERMANIA,"Cutie x 1 tub laminat din Al x 20 g gel -
3 ani",OTC,M02AA15
VOLTAREN  EMULGEL11.6 mg/g,DICLOFENACUM,GEL,11.6 mg/g,NOVARTIS CONSUMER HEALTH GMBH - GERMANIA,"Cutie x 1 tub laminat din Al cu capac
cu filet din PP de culoare alba x 50 g gel - 3 ani",OTC,M02AA15
VOLTAREN  EMULGEL11.6 mg/g,DICLOFENACUM,GEL,11.6 mg/g,NOVARTIS CONSUMER HEALTH GMBH - GERMANIA,"Cutie x 1 tub laminat din Al cu capac cu filet din PP de culoare alba x 100 g
gel - 3 ani",OTC,M02AA15
VOLTAREN  EMULGEL11.6 mg/g,DICLOFENACUM,GEL,11.6 mg/g,NOVARTIS CONSUMER HEALTH GMBH - GERMANIA,Cutie x 1 tub laminat din Al cu capac,OTC,M02AA15
Denumirea comerciala,DCI,Forma,Conc,Firma / Tara detinatoare,Ambalaj,Pres.,ATC
Denumirea comerciala,DCI,Forma,Conc,Firma / Tara detinatoare,"cu filet din PP de culoare alba x 150 g
gel - 3 ani",,
Denumirea comerciala,DCI,Forma,Conc,Firma / Tara detinatoare,"Cutie x 1 tub laminat din Al cu capac cu filet din PP de culoare albastra x 50
g gel - 3 ani",OTC,M02AA15
Denumirea comerciala,DCI,Forma,Conc,Firma / Tara detinatoare,"Cutie x 1 tub laminat din Al cu capac cu filet din PP de culoare albastra x
100 g gel - 3 ani",OTC,M02AA15
Denumirea comerciala,DCI,Forma,Conc,Firma / Tara detinatoare,"Cutie x 1 tub laminat din Al cu capac cu filet din PP de culoare albastra x
150 g gel - 3 ani",OTC,M02AA15
"VOLTAREN EMULGEL 1%
DISPENSER",DICLOFENACUM,GEL,1%,"NOVARTIS CONSUMER HEALTH
GMBH - GERMANIA","Cutie x 1 flacon din Al x 75 ml gel - 3
ani",OTC,M02AA15
WICK VAPORUB,COMBINATII,UNGUENT,,WICK PHARMA - GERMANIA,"Cutie x 1flac. din PP x 25 g unguent -
3 ani",OTC,R05XN01
WICK VAPORUB,COMBINATII,UNGUENT,,WICK PHARMA - GERMANIA,"Cutie x 1flac. din PP x 50 g unguent -
3 ani",OTC,R05XN01
WICK VAPORUB,COMBINATII,UNGUENT,,WICK PHARMA - GERMANIA,"Cutie x 1flac. din PP x 100 g unguent -
3 ani",OTC,R05XN01
WOBENZYM®,TRIPSINUM. COMBINATII,DRAJ. GASTROREZ.,,MUCOS PHARMA GMBH&CO. - GERMANIA,"Cutie x 2 blist. x 20 draj. gastrorez. -
30 luni",OTC,M09AB52
WOBENZYM®,TRIPSINUM. COMBINATII,DRAJ. GASTROREZ.,,MUCOS PHARMA GMBH&CO. - GERMANIA,"Cutie x 10 blist. x 20 draj. gastrorez. -
30 luni",OTC,M09AB52
WOBENZYM®,TRIPSINUM. COMBINATII,DRAJ. GASTROREZ.,,MUCOS PHARMA GMBH&CO. - GERMANIA,Flac. x 800 draj. gastrorez. - 30 luni,OTC/S,M09AB52
XANTRAZOL 20 mg,OMEPRAZOLUM,COMPR. GASTROREZISTE NTE,20 mg,BAYER S.R.L. - ROMANIA,Cutie cu blist. PA/Al-PVC x 7 compr.gastrorezistente - 3 ani,OTC,A02BC01
XANTRAZOL 20 mg,OMEPRAZOLUM,COMPR. GASTROREZISTE NTE,20 mg,BAYER S.R.L. - ROMANIA,"Cutie cu blist. PA/Al-PVC x 7
compr.gastrorezistente - 3 ani",OTC,A02BC01
XYLO-NASAL 1mg/ml,XYLOMETAZOLINUM,"PIC. NAZALE.
SOL.",1mg/ml,"ROMPHARM COMPANY SRL -
ROMANIA","Cutie x 1 flac. picurator din PEJD x 10
ml pic. nazale. sol. - 3 ani",OTC,R01AA07
ZANTAC  75,RANITIDINUM,COMPR. FILM.,75mg,"GLAXOSMITHKLINE CONSUMER
HEALTHCARE - MAREA BRITANIE","Cutie cu 1 blist. PVC/Al x 6 compr.
film. - 3 ani",OTC,A02BA02
ZOVIRAX,ACICLOVIRUM,CREMA,5%,GLAXOSMITHKLINE CONSUMER HEALTHCARE - MAREA BRITANIE,"Cutie x 1 flacon cu pompa asamblata
x 2g crema - 2 ani",OTC,D06BB03
ZOVIRAX,ACICLOVIRUM,CREMA,5%,GLAXOSMITHKLINE CONSUMER HEALTHCARE - MAREA BRITANIE,Cutie x 1 tub x 2g crema - 3 ani,OTC,D06BB03
ZYMAFLUOR 1 mg,NATRII FLUORIDUM,COMPR.,1mg,ROTTAPHARM S.p.A. - ITALIA,Cutie x 1 flac. PP x 250 compr. - 3 ani,OTC,A01AA01
ZYMAFLUOR 1/4 mg,NATRII FLUORIDUM,COMPR.,0.25mg,ROTTAPHARM S.p.A. - ITALIA,Cutie x 1 flac. PP x 400 compr. - 4 ani,OTC,A01AA01
ZYMOGEN,PANCREATINUM IN COMBINATII,"DRAJ.
GASTROREZ.",90mg,FELSIN FARM S.R.L. - ROMANIA,"Cutie x 3 blist. Al/PVCx 10 draj.
gastrorez. - 3 ani",OTC,A09AC01
ZYMOGEN FORTE,PANCREATINUM IN COMBINATII,"COMPR. FILM.
GASTROREZ.",200mg,FELSIN FARM S.R.L. - ROMANIA,"Cutie x 2 blist. Al/PVC x 10 compr.
film. gastrorez. - 3 ani",OTC,A09AC01
